{"img_fn": "Image727.jpeg", "metadata_fn": "Image727.json", "img_id": "val-726", "annot_id": "val-730", "question": ["Why", "is", "the", "man", "on", "the", "right", "smiling", "?"], "answer_choices": [["He", "is", "glad", "to", "see", "the", "trees", "growing", "outside", "."], ["He", "is", "finally", "getting", "ready", "to", "eat", "and", "is", "excited", "."], ["He", "is", "posing", "for", "a", "picture", "and", "smiling", "."], ["The", "woman", "on", "the", "right", "has", "just", "told", "a", "joke", "."]], "answer_label": 2, "CaptionExperiment": {"Humans": {"Captions": [" A man smiles while getting his picture taken by a woman.", "A girl taking a portrait photo of a guy in front of a kitchen counter. ", "A girl taking a photo of a boy at home.", "A mother takes a picture of his son.", " A young woman takes the picture of a young man while inside of a kitchen. "], "Confidence": [-1, -1, 7, 4, -1], "P": [[0.0, 0.5694676637649536, 0.5630117058753967, 0.4700199365615845, 0.6382364630699158], [0.456207811832428, 0.0, 0.6526226997375488, 0.3981632590293884, 0.6608477234840393], [0.5461747050285339, 0.7935174107551575, 0.0, 0.5195143818855286, 0.6920214891433716], [0.5353506803512573, 0.5453405380249023, 0.5833487510681152, 0.0, 0.6281694769859314], [0.5102061629295349, 0.6615393161773682, 0.6180217862129211, 0.42757606506347656, 0.0]], "R": [[0.0, 0.4562457203865051, 0.5462062954902649, 0.5353830456733704, 0.5102403163909912], [0.5694976449012756, 0.0, 0.7935317754745483, 0.5453722476959229, 0.6615629196166992], [0.563042163848877, 0.6526468992233276, 0.0, 0.5833777785301208, 0.6180484294891357], [0.4700568914413452, 0.3982051908969879, 0.5195478796958923, 0.0, 0.4276159703731537], [0.6382616758346558, 0.6608713865280151, 0.6920429468154907, 0.6281953454017639, 0.0]], "F1": [[0.0, 0.5130585432052612, 0.5553193092346191, 0.5033147931098938, 0.5741851925849915], [0.5130585432052612, 0.0, 0.7226538062095642, 0.47162872552871704, 0.6617556214332581], [0.5553193092346191, 0.7226538062095642, 0.0, 0.5519907474517822, 0.655349612236023], [0.5033147931098938, 0.47162872552871704, 0.5519907474517822, 0.0, 0.5268176794052124], [0.5741851925849915, 0.6617556214332581, 0.655349612236023, 0.5268176794052124, 0.0]], "P_IDF": [[0.0, 0.44931361079216003, 0.44315803050994873, 0.3461805582046509, 0.5169458389282227], [0.328643798828125, 0.0, 0.5413541197776794, 0.25514042377471924, 0.5492657423019409], [0.4202043116092682, 0.7108080387115479, 0.0, 0.3941609561443329, 0.5830565690994263], [0.3507389724254608, 0.38845038414001465, 0.44003230333328247, 0.0, 0.5138965249061584], [0.4028504490852356, 0.5387548208236694, 0.4818507432937622, 0.32143688201904297, 0.0]], "R_IDF": [[0.0, 0.3286905884742737, 0.4202446937561035, 0.35078421235084534, 0.4028920531272888], [0.449351966381073, 0.0, 0.7108281850814819, 0.38849300146102905, 0.5387869477272034], [0.4431968331336975, 0.5413861274719238, 0.0, 0.44007131457328796, 0.4818868339061737], [0.34622612595558167, 0.2551923096179962, 0.39420315623283386, 0.0, 0.32148414850234985], [0.516979455947876, 0.5492971539497375, 0.5830855965614319, 0.5139303803443909, 0.0]], "F1_IDF": [[0.0, 0.38931021094322205, 0.43260011076927185, 0.34953993558883667, 0.460191935300827], [0.38931021094322205, 0.0, 0.6254131197929382, 0.32207736372947693, 0.5447615385055542], [0.43260011076927185, 0.6254131197929382, 0.0, 0.41796576976776123, 0.5327621102333069], [0.34953993558883667, 0.32207736372947693, 0.41796576976776123, 0.0, 0.41690593957901], [0.460191935300827, 0.5447615385055542, 0.5327621102333069, 0.41690593957901, 0.0]], "P_noscale": [[0.0, 0.9274578094482422, 0.9263700246810913, 0.9107014536857605, 0.9390449523925781], [0.9083741903305054, 0.0, 0.9414689540863037, 0.8985940217971802, 0.9428548216819763], [0.9235330820083618, 0.965208888053894, 0.0, 0.9190409779548645, 0.9481074213981628], [0.9217092990875244, 0.9233925342559814, 0.9297966957092285, 0.0, 0.9373487234115601], [0.9174726009368896, 0.9429713487625122, 0.9356389045715332, 0.9035499095916748, 0.0]], "R_noscale": [[0.0, 0.9083741903305054, 0.9235330820083618, 0.9217092990875244, 0.9174726009368896], [0.9274578094482422, 0.0, 0.965208888053894, 0.9233925342559814, 0.9429713487625122], [0.9263700246810913, 0.9414689540863037, 0.0, 0.9297966957092285, 0.9356389045715332], [0.9107014536857605, 0.8985940217971802, 0.9190409779548645, 0.0, 0.9035499095916748], [0.9390449523925781, 0.9428548216819763, 0.9481074213981628, 0.9373487234115601, 0.0]], "F1_noscale": [[0.0, 0.9178168177604675, 0.9249493479728699, 0.9161723256111145, 0.9281334280967712], [0.9178168177604675, 0.0, 0.9531911015510559, 0.9108245372772217, 0.9429130554199219], [0.9249493479728699, 0.9531911015510559, 0.0, 0.9243875741958618, 0.9418318867683411], [0.9161723256111145, 0.9108245372772217, 0.9243875741958618, 0.0, 0.9201390147209167], [0.9281334280967712, 0.9429130554199219, 0.9418318867683411, 0.9201390147209167, 0.0]], "Score": 0.4491528034210205}, "Machines": {"Oscar": {"Captions": "a woman taking a picture of a man with a cell phone.", "Confidence": 0.58782958984375, "P": [[0.0, 0.6768506169319153, 0.6925907135009766, 0.532131552696228, 0.718570351600647], [0.5832532644271851, 0.0, 0.6925907135009766, 0.532131552696228, 0.718570351600647], [0.5832532644271851, 0.6768506169319153, 0.0, 0.532131552696228, 0.718570351600647], [0.5832532644271851, 0.6768506169319153, 0.6925907135009766, 0.0, 0.718570351600647], [0.5832532644271851, 0.6768506169319153, 0.6925907135009766, 0.532131552696228, 0.0]], "R": [[0.0, 0.6004831790924072, 0.695152223110199, 0.5927571654319763, 0.621405303478241], [0.5806937217712402, 0.0, 0.695152223110199, 0.5927571654319763, 0.621405303478241], [0.5806937217712402, 0.6004831790924072, 0.0, 0.5927571654319763, 0.621405303478241], [0.5806937217712402, 0.6004831790924072, 0.695152223110199, 0.0, 0.621405303478241], [0.5806937217712402, 0.6004831790924072, 0.695152223110199, 0.5927571654319763, 0.0]], "F1": [[0.0, 0.638991117477417, 0.6943690180778503, 0.5629895925521851, 0.670101523399353], [0.5826522707939148, 0.0, 0.6943690180778503, 0.5629895925521851, 0.670101523399353], [0.5826522707939148, 0.638991117477417, 0.0, 0.5629895925521851, 0.670101523399353], [0.5826522707939148, 0.638991117477417, 0.6943690180778503, 0.0, 0.670101523399353], [0.5826522707939148, 0.638991117477417, 0.6943690180778503, 0.5629895925521851, 0.0]], "P_IDF": [[0.0, 0.5381385684013367, 0.5690452456474304, 0.38310346007347107, 0.5835610032081604], [0.4429570734500885, 0.0, 0.5690452456474304, 0.38310346007347107, 0.5835610032081604], [0.4429570734500885, 0.5381385684013367, 0.0, 0.38310346007347107, 0.5835610032081604], [0.4429570734500885, 0.5381385684013367, 0.5690452456474304, 0.0, 0.5835610032081604], [0.4429570734500885, 0.5381385684013367, 0.5690452456474304, 0.38310346007347107, 0.0]], "R_IDF": [[0.0, 0.4856072962284088, 0.5930549502372742, 0.4631889760494232, 0.48975226283073425], [0.4603666067123413, 0.0, 0.5930549502372742, 0.4631889760494232, 0.48975226283073425], [0.4603666067123413, 0.4856072962284088, 0.0, 0.4631889760494232, 0.48975226283073425], [0.4603666067123413, 0.4856072962284088, 0.5930549502372742, 0.0, 0.48975226283073425], [0.4603666067123413, 0.4856072962284088, 0.5930549502372742, 0.4631889760494232, 0.0]], "F1_IDF": [[0.0, 0.5125386714935303, 0.5817054510116577, 0.42378658056259155, 0.5370060801506042], [0.4525389075279236, 0.0, 0.5817054510116577, 0.42378658056259155, 0.5370060801506042], [0.4525389075279236, 0.5125386714935303, 0.0, 0.42378658056259155, 0.5370060801506042], [0.4525389075279236, 0.5125386714935303, 0.5817054510116577, 0.0, 0.5370060801506042], [0.4525389075279236, 0.5125386714935303, 0.5817054510116577, 0.42378658056259155, 0.0]], "P_noscale": [[0.0, 0.9455512166023254, 0.9482033252716064, 0.9211668968200684, 0.9525807499885559], [0.9297806024551392, 0.0, 0.9482033252716064, 0.9211668968200684, 0.9525807499885559], [0.9297806024551392, 0.9455512166023254, 0.0, 0.9211668968200684, 0.9525807499885559], [0.9297806024551392, 0.9455512166023254, 0.9482033252716064, 0.0, 0.9525807499885559], [0.9297806024551392, 0.9455512166023254, 0.9482033252716064, 0.9211668968200684, 0.0]], "R_noscale": [[0.0, 0.9326790571212769, 0.9486313462257385, 0.9313771724700928, 0.9362045526504517], [0.9293444156646729, 0.0, 0.9486313462257385, 0.9313771724700928, 0.9362045526504517], [0.9293444156646729, 0.9326790571212769, 0.0, 0.9313771724700928, 0.9362045526504517], [0.9293444156646729, 0.9326790571212769, 0.9486313462257385, 0.0, 0.9362045526504517], [0.9293444156646729, 0.9326790571212769, 0.9486313462257385, 0.9313771724700928, 0.0]], "F1_noscale": [[0.0, 0.939070999622345, 0.9484173655509949, 0.9262439012527466, 0.9443216323852539], [0.9295624494552612, 0.0, 0.9484173655509949, 0.9262439012527466, 0.9443216323852539], [0.9295624494552612, 0.939070999622345, 0.0, 0.9262439012527466, 0.9443216323852539], [0.9295624494552612, 0.939070999622345, 0.9484173655509949, 0.0, 0.9443216323852539], [0.9295624494552612, 0.939070999622345, 0.9484173655509949, 0.9262439012527466, 0.0]], "Score": 0.5015151381492615}}}}
{"img_fn": "Image214.jpeg", "metadata_fn": "Image214.json", "img_id": "val-213", "annot_id": "val-215", "question": ["What", "is", "this", "woman", "dressed", "as", "?"], "answer_choices": [["A", "ballerina", "."], ["A", "nurse", "."], ["A", "bride", "."], ["A", "princess", "."]], "answer_label": 2, "CaptionExperiment": {"Humans": {"Captions": [" A woman in a wedding dress floats in a pond holding a bouquet. ", "A bride holding flowers while lying in a pond in her wedding dress. ", "A bride lying in a pond and holding flowers.", "A bride lying in a pond to take a wedding picture", " A young woman in a wedding dress lies in a green swamp. "], "Confidence": [-1, -1, 10, 8, -1], "P": [[0.0, 0.6157808303833008, 0.5423329472541809, 0.45745301246643066, 0.6842018961906433], [0.6269437074661255, 0.0, 0.6270689368247986, 0.587607204914093, 0.5503793358802795], [0.6418659090995789, 0.732920229434967, 0.0, 0.6527963876724243, 0.5639346241950989], [0.4918430745601654, 0.5931674242019653, 0.5560188293457031, 0.0, 0.43316248059272766], [0.7425089478492737, 0.5414079427719116, 0.48261305689811707, 0.4561016857624054, 0.0]], "R": [[0.0, 0.6269696950912476, 0.6418908834457397, 0.491878479719162, 0.7425268888473511], [0.6158075928688049, 0.0, 0.732938826084137, 0.593195378780365, 0.5414395332336426], [0.5423648357391357, 0.6270949244499207, 0.0, 0.5560497641563416, 0.4826491177082062], [0.45749083161354065, 0.5876359343528748, 0.6528205871582031, 0.0, 0.45613959431648254], [0.6842238903045654, 0.5504106879234314, 0.5639650225639343, 0.43320199847221375, 0.0]], "F1": [[0.0, 0.6219849586486816, 0.5923289060592651, 0.4754651188850403, 0.713680624961853], [0.6219849586486816, 0.0, 0.6800278425216675, 0.5910656452178955, 0.5466434955596924], [0.5923289060592651, 0.6800278425216675, 0.0, 0.6046422719955444, 0.5237625241279602], [0.4754651188850403, 0.5910656452178955, 0.6046422719955444, 0.0, 0.44552937150001526], [0.713680624961853, 0.5466434955596924, 0.5237625241279602, 0.44552937150001526, 0.0]], "P_IDF": [[0.0, 0.5458230376243591, 0.4033011198043823, 0.29585835337638855, 0.5279209017753601], [0.5634716153144836, 0.0, 0.5566682815551758, 0.5267931222915649, 0.4590972363948822], [0.52170729637146, 0.7687592506408691, 0.0, 0.629176914691925, 0.40289148688316345], [0.39087849855422974, 0.5665403604507446, 0.4872843027114868, 0.0, 0.3150251805782318], [0.633603036403656, 0.47737014293670654, 0.32450953125953674, 0.3340144157409668, 0.0]], "R_IDF": [[0.0, 0.5635020136833191, 0.5217406153678894, 0.3909209668636322, 0.6336285471916199], [0.5458546876907349, 0.0, 0.7687753438949585, 0.5665705800056458, 0.4774065613746643], [0.40334269404411316, 0.5566991567611694, 0.0, 0.48732003569602966, 0.3245566189289093], [0.2959074079990387, 0.5268257260322571, 0.6292027831077576, 0.0, 0.33406081795692444], [0.5279538035392761, 0.45913493633270264, 0.4029330909252167, 0.3150728940963745, 0.0]], "F1_IDF": [[0.0, 0.5553722381591797, 0.4627477824687958, 0.34403130412101746, 0.5809521675109863], [0.5553722381591797, 0.0, 0.661267876625061, 0.547347366809845, 0.4691004455089569], [0.4627477824687958, 0.661267876625061, 0.0, 0.5580489039421082, 0.3644670248031616], [0.34403130412101746, 0.5473470091819763, 0.5580489039421082, 0.0, 0.3256238102912903], [0.5809521675109863, 0.4691004455089569, 0.3644670248031616, 0.3256238102912903, 0.0]], "P_noscale": [[0.0, 0.9352613091468811, 0.9228857755661011, 0.9085839986801147, 0.9467898607254028], [0.9371421933174133, 0.0, 0.9371632933616638, 0.9305142164230347, 0.9242415428161621], [0.9396564960479736, 0.9549986124038696, 0.0, 0.9414982199668884, 0.9265255331993103], [0.9143785238265991, 0.9314510822296143, 0.9251917600631714, 0.0, 0.9044911861419678], [0.9566142559051514, 0.9227299094200134, 0.9128233194351196, 0.9083563089370728, 0.0]], "R_noscale": [[0.0, 0.9371421933174133, 0.9396564960479736, 0.9143785238265991, 0.9566142559051514], [0.9352613091468811, 0.0, 0.9549986124038696, 0.9314510226249695, 0.9227298498153687], [0.9228857755661011, 0.9371632933616638, 0.0, 0.9251917600631714, 0.9128233194351196], [0.9085839986801147, 0.9305142164230347, 0.9414982199668884, 0.0, 0.9083563089370728], [0.9467898607254028, 0.9242415428161621, 0.9265255331993103, 0.9044911861419678, 0.0]], "F1_noscale": [[0.0, 0.9362007975578308, 0.9311956167221069, 0.9114720225334167, 0.9516766667366028], [0.9362007975578308, 0.0, 0.9459969401359558, 0.9309824109077454, 0.9234851002693176], [0.9311956167221069, 0.9459969401359558, 0.0, 0.9332737922668457, 0.9196233749389648], [0.9114720225334167, 0.9309824109077454, 0.9332737922668457, 0.0, 0.9064196348190308], [0.9516766667366028, 0.9234851002693176, 0.9196233749389648, 0.9064196348190308, 0.0]], "Score": 0.4868958741426468}, "Machines": {"Oscar": {"Captions": "a woman in a white dress holding a bouquet of flowers.", "Confidence": 0.5963082909584045, "P": [[0.0, 0.4888507127761841, 0.5005007386207581, 0.263613760471344, 0.5391584038734436], [0.7030181288719177, 0.0, 0.5005007386207581, 0.263613760471344, 0.5391584038734436], [0.7030181288719177, 0.4888507127761841, 0.0, 0.263613760471344, 0.5391584038734436], [0.7030181288719177, 0.4888507127761841, 0.5005007386207581, 0.0, 0.5391584038734436], [0.7030181288719177, 0.4888507127761841, 0.5005007386207581, 0.263613760471344, 0.0]], "R": [[0.0, 0.4246712028980255, 0.5096467733383179, 0.23111218214035034, 0.5337000489234924], [0.6154499650001526, 0.0, 0.5096467733383179, 0.23111218214035034, 0.5337000489234924], [0.6154499650001526, 0.4246712028980255, 0.0, 0.23111218214035034, 0.5337000489234924], [0.6154499650001526, 0.4246712028980255, 0.5096467733383179, 0.0, 0.5337000489234924], [0.6154499650001526, 0.4246712028980255, 0.5096467733383179, 0.23111218214035034, 0.0]], "F1": [[0.0, 0.45745140314102173, 0.5058741569519043, 0.24853456020355225, 0.5371812582015991], [0.6594434380531311, 0.0, 0.5058741569519043, 0.24853456020355225, 0.5371812582015991], [0.6594434380531311, 0.45745140314102173, 0.0, 0.24853456020355225, 0.5371812582015991], [0.6594434380531311, 0.45745140314102173, 0.5058741569519043, 0.0, 0.5371812582015991], [0.6594434380531311, 0.45745140314102173, 0.5058741569519043, 0.24853456020355225, 0.0]], "P_IDF": [[0.0, 0.3871475160121918, 0.31402158737182617, -0.03986043855547905, 0.27987030148506165], [0.6206430792808533, 0.0, 0.31402158737182617, -0.03986043855547905, 0.27987030148506165], [0.6206430792808533, 0.3871475160121918, 0.0, -0.03986043855547905, 0.27987030148506165], [0.6206430792808533, 0.3871475160121918, 0.31402158737182617, 0.0, 0.27987030148506165], [0.6206430792808533, 0.3871475160121918, 0.31402158737182617, -0.03986043855547905, 0.0]], "R_IDF": [[0.0, 0.26832115650177, 0.30990639328956604, 0.046261485666036606, 0.3142430782318115], [0.4525316059589386, 0.0, 0.30990639328956604, 0.046261485666036606, 0.3142430782318115], [0.4525316059589386, 0.26832115650177, 0.0, 0.046261485666036606, 0.3142430782318115], [0.4525316059589386, 0.26832115650177, 0.30990639328956604, 0.0, 0.3142430782318115], [0.4525316059589386, 0.26832115650177, 0.30990639328956604, 0.046261485666036606, 0.0]], "F1_IDF": [[0.0, 0.3281545639038086, 0.3130812644958496, 0.004447721876204014, 0.29814285039901733], [0.5360475778579712, 0.0, 0.3130812644958496, 0.004447721876204014, 0.29814285039901733], [0.5360475778579712, 0.3281545639038086, 0.0, 0.004447721876204014, 0.29814285039901733], [0.5360475778579712, 0.3281545639038086, 0.3130812644958496, 0.0, 0.29814285039901733], [0.5360475778579712, 0.3281545639038086, 0.3130812644958496, 0.004447721876204014, 0.0]], "P_noscale": [[0.0, 0.9138743281364441, 0.915837287902832, 0.875923216342926, 0.9223508834838867], [0.9499602913856506, 0.0, 0.915837287902832, 0.875923216342926, 0.9223508834838867], [0.9499602913856506, 0.9138743281364441, 0.0, 0.875923216342926, 0.9223508834838867], [0.9499602913856506, 0.9138743281364441, 0.915837287902832, 0.0, 0.9223508834838867], [0.9499602913856506, 0.9138743281364441, 0.915837287902832, 0.875923216342926, 0.0]], "R_noscale": [[0.0, 0.9030537009239197, 0.9173725843429565, 0.8704378604888916, 0.9214257001876831], [0.9352010488510132, 0.0, 0.9173725843429565, 0.8704378604888916, 0.9214257001876831], [0.9352010488510132, 0.9030537009239197, 0.0, 0.8704378604888916, 0.9214257001876831], [0.9352010488510132, 0.9030537009239197, 0.9173725843429565, 0.0, 0.9214257001876831], [0.9352010488510132, 0.9030537009239197, 0.9173725843429565, 0.8704378604888916, 0.0]], "F1_noscale": [[0.0, 0.9084317684173584, 0.9166042804718018, 0.8731719851493835, 0.9218881130218506], [0.9425228238105774, 0.0, 0.9166042804718018, 0.8731719851493835, 0.9218881130218506], [0.9425228238105774, 0.9084317684173584, 0.0, 0.8731719851493835, 0.9218881130218506], [0.9425228238105774, 0.9084317684173584, 0.9166042804718018, 0.0, 0.9218881130218506], [0.9425228238105774, 0.9084317684173584, 0.9166042804718018, 0.8731719851493835, 0.0]], "Score": 0.29597479570657015}}}}
{"img_fn": "Image1075.jpeg", "metadata_fn": "Image1075.json", "img_id": "val-1074", "annot_id": "val-1078", "question": ["What", "is", "the", "man", "on", "the", "right", "doing", "?"], "answer_choices": [["He", "is", "pouring", "wine", "."], ["He", "is", "taking", "tablets", "."], ["He", "is", "making", "a", "toast", "."], ["He", "is", "drinking", "orange", "juice", "."]], "answer_label": 2, "CaptionExperiment": {"Humans": {"Captions": [" A group of individuals make a toast with wine. ", "A man making a toast to a group of friends standing in a circle in a room. ", "A group of family friends drinking wine together and celebrating.", "A man making a toast to other people in a party", " A man proposes a toast to a group of men and women at a party. "], "Confidence": [-1, -1, 7, 6, -1], "P": [[0.0, 0.5285070538520813, 0.5763601064682007, 0.48158469796180725, 0.5516149997711182], [0.45654281973838806, 0.0, 0.41496846079826355, 0.6167723536491394, 0.6766443848609924], [0.560897707939148, 0.4992923140525818, 0.0, 0.39962106943130493, 0.43624362349510193], [0.42708754539489746, 0.6635493040084839, 0.37114885449409485, 0.0, 0.6736870408058167], [0.4908214509487152, 0.6615892052650452, 0.3835063874721527, 0.640749454498291, 0.0]], "R": [[0.0, 0.4565806984901428, 0.5609282851219177, 0.427127480506897, 0.49085694551467896], [0.5285398960113525, 0.0, 0.4993272125720978, 0.6635727286338806, 0.6616127490997314], [0.5763896107673645, 0.4150092303752899, 0.0, 0.37119269371032715, 0.3835493326187134], [0.4816208481788635, 0.6167990565299988, 0.39966291189193726, 0.0, 0.6407744884490967], [0.5516462326049805, 0.6766669154167175, 0.4362829327583313, 0.6737098097801208, 0.0]], "F1": [[0.0, 0.49312886595726013, 0.5693341493606567, 0.45510393381118774, 0.521843433380127], [0.49312886595726013, 0.0, 0.4577021300792694, 0.6406601667404175, 0.6696557998657227], [0.5693341493606567, 0.4577021300792694, 0.0, 0.386366605758667, 0.41072455048561096], [0.45510393381118774, 0.6406601667404175, 0.386366605758667, 0.0, 0.6577387452125549], [0.521843433380127, 0.6696557998657227, 0.41072455048561096, 0.6577387452125549, 0.0]], "P_IDF": [[0.0, 0.4445776045322418, 0.42592549324035645, 0.42472273111343384, 0.45881813764572144], [0.31447580456733704, 0.0, 0.27416396141052246, 0.47889479994773865, 0.5013182163238525], [0.4337189197540283, 0.3927162289619446, 0.0, 0.2811186909675598, 0.3138945996761322], [0.3857279121875763, 0.5965216755867004, 0.2555192708969116, 0.0, 0.6425918340682983], [0.38935598731040955, 0.5118794441223145, 0.20608001947402954, 0.566958487033844, 0.0]], "R_IDF": [[0.0, 0.3145235776901245, 0.43375837802886963, 0.3857707381248474, 0.3893985152244568], [0.44461631774902344, 0.0, 0.3927585482597351, 0.5965497493743896, 0.5119134187698364], [0.42596548795700073, 0.27421456575393677, 0.0, 0.2555711567401886, 0.2061353474855423], [0.4247628152370453, 0.47893112897872925, 0.28116878867149353, 0.0, 0.5669886469841003], [0.45885583758354187, 0.5013530254364014, 0.31394240260124207, 0.6426166892051697, 0.0]], "F1_IDF": [[0.0, 0.37976178526878357, 0.43076542019844055, 0.4061411917209625, 0.4248181879520416], [0.37976178526878357, 0.0, 0.3338807225227356, 0.5378444790840149, 0.507412850856781], [0.43076542019844055, 0.3338807225227356, 0.0, 0.26950177550315857, 0.26065683364868164], [0.4061411917209625, 0.5378444790840149, 0.26950177550315857, 0.0, 0.6051734089851379], [0.4248181879520416, 0.507412850856781, 0.26065683364868164, 0.6051734089851379, 0.0]], "P_noscale": [[0.0, 0.9205561876296997, 0.9286191463470459, 0.9126500487327576, 0.9244497418403625], [0.9084306359291077, 0.0, 0.9014256000518799, 0.9354283809661865, 0.9455164670944214], [0.9260138273239136, 0.9156336784362793, 0.0, 0.8988396525382996, 0.9050103425979614], [0.90346759557724, 0.943310022354126, 0.8940422534942627, 0.0, 0.9450181722640991], [0.9142063856124878, 0.9429797530174255, 0.8961244225502014, 0.9394683837890625, 0.0]], "R_noscale": [[0.0, 0.9084306359291077, 0.9260138273239136, 0.90346759557724, 0.9142063856124878], [0.9205561876296997, 0.0, 0.9156336784362793, 0.943310022354126, 0.9429797530174255], [0.9286191463470459, 0.9014256000518799, 0.0, 0.8940422534942627, 0.8961244225502014], [0.9126500487327576, 0.9354283809661865, 0.8988396525382996, 0.0, 0.9394683837890625], [0.9244497418403625, 0.9455164670944214, 0.9050103425979614, 0.9450181722640991, 0.0]], "F1_noscale": [[0.0, 0.9144532084465027, 0.9273146986961365, 0.9080355763435364, 0.9192994832992554], [0.9144532084465027, 0.0, 0.9084740877151489, 0.9393526911735535, 0.9442464113235474], [0.9273146986961365, 0.9084740877151489, 0.0, 0.896434485912323, 0.9005454778671265], [0.9080355763435364, 0.9393526911735535, 0.896434485912323, 0.0, 0.9422351121902466], [0.9192994832992554, 0.9442464113235474, 0.9005454778671265, 0.9422351121902466, 0.0]], "Score": 0.4155956655740738}, "Machines": {"Oscar": {"Captions": "a group of people standing around each other in a room.", "Confidence": 0.6284613609313965, "P": [[0.0, 0.557380735874176, 0.4664159417152405, 0.4260132312774658, 0.39762839674949646], [0.3875550329685211, 0.0, 0.4664159417152405, 0.4260132312774658, 0.39762839674949646], [0.3875550329685211, 0.557380735874176, 0.0, 0.4260132312774658, 0.39762839674949646], [0.3875550329685211, 0.557380735874176, 0.4664159417152405, 0.0, 0.39762839674949646], [0.3875550329685211, 0.557380735874176, 0.4664159417152405, 0.4260132312774658, 0.0]], "R": [[0.0, 0.4962335526943207, 0.4387420117855072, 0.3850112855434418, 0.37448903918266296], [0.40537095069885254, 0.0, 0.4387420117855072, 0.3850112855434418, 0.37448903918266296], [0.40537095069885254, 0.4962335526943207, 0.0, 0.3850112855434418, 0.37448903918266296], [0.40537095069885254, 0.4962335526943207, 0.4387420117855072, 0.0, 0.37448903918266296], [0.40537095069885254, 0.4962335526943207, 0.4387420117855072, 0.3850112855434418, 0.0]], "F1": [[0.0, 0.5274035930633545, 0.4534324109554291, 0.4063986539840698, 0.38703054189682007], [0.39742904901504517, 0.0, 0.4534324109554291, 0.4063986539840698, 0.38703054189682007], [0.39742904901504517, 0.5274035930633545, 0.0, 0.4063986539840698, 0.38703054189682007], [0.39742904901504517, 0.5274035930633545, 0.4534324109554291, 0.0, 0.38703054189682007], [0.39742904901504517, 0.5274035930633545, 0.4534324109554291, 0.4063986539840698, 0.0]], "P_IDF": [[0.0, 0.4452628195285797, 0.3296371400356293, 0.28106704354286194, 0.2395167350769043], [0.2186289131641388, 0.0, 0.3296371400356293, 0.28106704354286194, 0.2395167350769043], [0.2186289131641388, 0.4452628195285797, 0.0, 0.28106704354286194, 0.2395167350769043], [0.2186289131641388, 0.4452628195285797, 0.3296371400356293, 0.0, 0.2395167350769043], [0.2186289131641388, 0.4452628195285797, 0.3296371400356293, 0.28106704354286194, 0.0]], "R_IDF": [[0.0, 0.34003913402557373, 0.32910868525505066, 0.2370317578315735, 0.20249269902706146], [0.2607595920562744, 0.0, 0.32910868525505066, 0.2370317578315735, 0.20249269902706146], [0.2607595920562744, 0.34003913402557373, 0.0, 0.2370317578315735, 0.20249269902706146], [0.2607595920562744, 0.34003913402557373, 0.32910868525505066, 0.0, 0.20249269902706146], [0.2607595920562744, 0.34003913402557373, 0.32910868525505066, 0.2370317578315735, 0.0]], "F1_IDF": [[0.0, 0.3931173086166382, 0.3304624855518341, 0.26015886664390564, 0.22220350801944733], [0.24084480106830597, 0.0, 0.3304624855518341, 0.26015886664390564, 0.22220350801944733], [0.24084480106830597, 0.3931173086166382, 0.0, 0.26015886664390564, 0.22220350801944733], [0.24084480106830597, 0.3931173086166382, 0.3304624855518341, 0.0, 0.22220350801944733], [0.24084480106830597, 0.3931173086166382, 0.3304624855518341, 0.26015886664390564, 0.0]], "P_noscale": [[0.0, 0.9254212379455566, 0.9100942015647888, 0.9032865762710571, 0.8985038995742798], [0.8968065977096558, 0.0, 0.9100942015647888, 0.9032865762710571, 0.8985038995742798], [0.8968065977096558, 0.9254212379455566, 0.0, 0.9032865762710571, 0.8985038995742798], [0.8968065977096558, 0.9254212379455566, 0.9100942015647888, 0.0, 0.8985038995742798], [0.8968065977096558, 0.9254212379455566, 0.9100942015647888, 0.9032865762710571, 0.0]], "R_noscale": [[0.0, 0.9151123762130737, 0.9054247140884399, 0.8963707685470581, 0.8945977091789246], [0.89980149269104, 0.0, 0.9054247140884399, 0.8963707685470581, 0.8945977091789246], [0.89980149269104, 0.9151123762130737, 0.0, 0.8963707685470581, 0.8945977091789246], [0.89980149269104, 0.9151123762130737, 0.9054247140884399, 0.0, 0.8945977091789246], [0.89980149269104, 0.9151123762130737, 0.9054247140884399, 0.8963707685470581, 0.0]], "F1_noscale": [[0.0, 0.9202378988265991, 0.9077534675598145, 0.8998153805732727, 0.8965465426445007], [0.8983015418052673, 0.0, 0.9077534675598145, 0.8998153805732727, 0.8965465426445007], [0.8983015418052673, 0.9202378988265991, 0.0, 0.8998153805732727, 0.8965465426445007], [0.8983015418052673, 0.9202378988265991, 0.9077534675598145, 0.0, 0.8965465426445007], [0.8983015418052673, 0.9202378988265991, 0.9077534675598145, 0.8998153805732727, 0.0]], "Score": 0.28935739398002625}}}}
{"img_fn": "Image98.jpeg", "metadata_fn": "Image98.json", "img_id": "val-97", "annot_id": "val-99", "question": ["What", "is", "the", "boy", "on", "the", "left", "doing", "?"], "answer_choices": [["He", "is", "fixing", "the", "car", "."], ["He", "is", "watching", "the", "man", "fixing", "the", "car", "."], ["He", "is", "opening", "the", "trunk", "."], ["He", "is", "asking", "the", "man", "to", "open", "the", "trunk", "."]], "answer_label": 1, "CaptionExperiment": {"Humans": {"Captions": [" Two teenage boys working on a car. ", "A dad working under the hood of his car in his outdoor garage while his son watches. ", "Father and son fixing the car in the garage.", "A father fixing his car with his son watching", " A man opens the hood of his van while a young boy watches. "], "Confidence": [-1, -1, 7, 6, -1], "P": [[0.0, 0.5797628164291382, 0.5101523995399475, 0.5139955282211304, 0.4802878797054291], [0.41861456632614136, 0.0, 0.43521812558174133, 0.5994807481765747, 0.5317258238792419], [0.5359276533126831, 0.6342298984527588, 0.0, 0.510431170463562, 0.37888675928115845], [0.3787502348423004, 0.7722924947738647, 0.38241010904312134, 0.0, 0.5194574594497681], [0.41716134548187256, 0.6239209175109863, 0.30364683270454407, 0.5071030855178833, 0.0]], "R": [[0.0, 0.41865506768226624, 0.5359599590301514, 0.37879350781440735, 0.417201966047287], [0.5797920823097229, 0.0, 0.6342553496360779, 0.772308349609375, 0.6239471435546875], [0.5101865530014038, 0.4352574646472931, 0.0, 0.38245314359664917, 0.30369535088539124], [0.5140294432640076, 0.5995087027549744, 0.5104652643203735, 0.0, 0.5071381330490112], [0.4803240895271301, 0.5317584276199341, 0.37893006205558777, 0.5194902420043945, 0.0]], "F1": [[0.0, 0.49882715940475464, 0.5238009691238403, 0.44644299149513245, 0.44945475459098816], [0.49882715940475464, 0.0, 0.5336888432502747, 0.685081958770752, 0.5781391859054565], [0.5238009691238403, 0.5336888432502747, 0.0, 0.44657930731773376, 0.3420920968055725], [0.44644299149513245, 0.685081958770752, 0.44657930731773376, 0.0, 0.514081597328186], [0.44945475459098816, 0.5781391859054565, 0.3420920968055725, 0.5140805840492249, 0.0]], "P_IDF": [[0.0, 0.45489612221717834, 0.3563869297504425, 0.3797502815723419, 0.3462580144405365], [0.28048795461654663, 0.0, 0.31935080885887146, 0.5432810187339783, 0.43746548891067505], [0.4439532458782196, 0.5948795676231384, 0.0, 0.47242119908332825, 0.25047871470451355], [0.34908199310302734, 0.7803968787193298, 0.3852195739746094, 0.0, 0.4856899678707123], [0.261751264333725, 0.5575880408287048, 0.1448085755109787, 0.41838887333869934, 0.0]], "R_IDF": [[0.0, 0.28053808212280273, 0.4439919888973236, 0.3491273522377014, 0.2618027329444885], [0.45493409037590027, 0.0, 0.5949077606201172, 0.7804121375083923, 0.5576188564300537], [0.356431782245636, 0.31939825415611267, 0.0, 0.3852624297142029, 0.14486746490001678], [0.3797934949398041, 0.5433128476142883, 0.4724579453468323, 0.0, 0.4184304475784302], [0.34630322456359863, 0.43750467896461487, 0.25053128600120544, 0.4857251048088074, 0.0]], "F1_IDF": [[0.0, 0.3673096299171448, 0.4008066952228546, 0.3654262125492096, 0.3048197329044342], [0.3673096299171448, 0.0, 0.454502135515213, 0.6598926782608032, 0.49769774079322815], [0.4008066952228546, 0.454502135515213, 0.0, 0.42941421270370483, 0.19843146204948425], [0.3654262125492096, 0.6598926782608032, 0.42941421270370483, 0.0, 0.45273950695991516], [0.30481937527656555, 0.49769774079322815, 0.19843252003192902, 0.4527384638786316, 0.0]], "P_noscale": [[0.0, 0.9291924834251404, 0.9174635410308838, 0.9181110858917236, 0.912431538105011], [0.9020399451255798, 0.0, 0.9048375487327576, 0.9325148463249207, 0.921098530292511], [0.9218065142631531, 0.938369870185852, 0.0, 0.9175105094909668, 0.8953460454940796], [0.8953230381011963, 0.9616326093673706, 0.8959397077560425, 0.0, 0.9190313816070557], [0.9017950892448425, 0.9366328716278076, 0.8826685547828674, 0.9169497489929199, 0.0]], "R_noscale": [[0.0, 0.9020399451255798, 0.9218065142631531, 0.8953230381011963, 0.9017950892448425], [0.9291924834251404, 0.0, 0.938369870185852, 0.9616326093673706, 0.9366328716278076], [0.9174635410308838, 0.9048375487327576, 0.0, 0.8959397077560425, 0.8826685547828674], [0.9181110858917236, 0.9325148463249207, 0.9175105094909668, 0.0, 0.9169498682022095], [0.912431538105011, 0.921098530292511, 0.8953460454940796, 0.9190312623977661, 0.0]], "F1_noscale": [[0.0, 0.9154149293899536, 0.9196298718452454, 0.9065738320350647, 0.9070821404457092], [0.9154149293899536, 0.0, 0.9212986826896667, 0.9468499422073364, 0.9288007616996765], [0.9196298718452454, 0.9212986826896667, 0.0, 0.906596839427948, 0.8889620900154114], [0.9065738320350647, 0.9468499422073364, 0.906596839427948, 0.0, 0.9179894924163818], [0.9070821404457092, 0.9288007616996765, 0.8889620900154114, 0.9179893136024475, 0.0]], "Score": 0.4131039835512638}, "Machines": {"Oscar": {"Captions": "a couple of men standing next to a parked car.", "Confidence": 0.6298484206199646, "P": [[0.0, 0.361326664686203, 0.29448509216308594, 0.2637464106082916, 0.3958568274974823], [0.4124257266521454, 0.0, 0.29448509216308594, 0.2637464106082916, 0.3958568274974823], [0.4124257266521454, 0.361326664686203, 0.0, 0.2637464106082916, 0.3958568274974823], [0.4124257266521454, 0.361326664686203, 0.29448509216308594, 0.0, 0.3958568274974823], [0.4124257266521454, 0.361326664686203, 0.29448509216308594, 0.2637464106082916, 0.0]], "R": [[0.0, 0.3001839220523834, 0.4155454635620117, 0.21328695118427277, 0.38243404030799866], [0.48272302746772766, 0.0, 0.4155454635620117, 0.21328695118427277, 0.38243404030799866], [0.48272302746772766, 0.3001839220523834, 0.0, 0.21328695118427277, 0.38243404030799866], [0.48272302746772766, 0.3001839220523834, 0.4155454635620117, 0.0, 0.38243404030799866], [0.48272302746772766, 0.3001839220523834, 0.4155454635620117, 0.21328695118427277, 0.0]], "F1": [[0.0, 0.33166393637657166, 0.35537415742874146, 0.23962992429733276, 0.3901292085647583], [0.4482441246509552, 0.0, 0.35537415742874146, 0.23962992429733276, 0.3901292085647583], [0.4482441246509552, 0.33166393637657166, 0.0, 0.23962992429733276, 0.3901292085647583], [0.4482441246509552, 0.33166393637657166, 0.35537415742874146, 0.0, 0.3901292085647583], [0.4482441246509552, 0.33166393637657166, 0.35537415742874146, 0.23962992429733276, 0.0]], "P_IDF": [[0.0, 0.2539047598838806, 0.1690400242805481, 0.16724085807800293, 0.2925865054130554], [0.34347862005233765, 0.0, 0.1690400242805481, 0.16724085807800293, 0.2925865054130554], [0.34347862005233765, 0.2539047598838806, 0.0, 0.16724085807800293, 0.2925865054130554], [0.34347862005233765, 0.2539047598838806, 0.1690400242805481, 0.0, 0.2925865054130554], [0.34347862005233765, 0.2539047598838806, 0.1690400242805481, 0.16724085807800293, 0.0]], "R_IDF": [[0.0, 0.16122402250766754, 0.2605851888656616, 0.18280687928199768, 0.2178460955619812], [0.40365007519721985, 0.0, 0.2605851888656616, 0.18280687928199768, 0.2178460955619812], [0.40365007519721985, 0.16122402250766754, 0.0, 0.18280687928199768, 0.2178460955619812], [0.40365007519721985, 0.16122402250766754, 0.2605851888656616, 0.0, 0.2178460955619812], [0.40365007519721985, 0.16122402250766754, 0.2605851888656616, 0.18280687928199768, 0.0]], "F1_IDF": [[0.0, 0.20843301713466644, 0.21568448841571808, 0.17635248601436615, 0.25615614652633667], [0.37441277503967285, 0.0, 0.21568448841571808, 0.17635248601436615, 0.25615614652633667], [0.37441277503967285, 0.20843301713466644, 0.0, 0.17635248601436615, 0.25615614652633667], [0.37441277503967285, 0.20843301713466644, 0.21568448841571808, 0.0, 0.25615614652633667], [0.37441277503967285, 0.20843301713466644, 0.21568448841571808, 0.17635248601436615, 0.0]], "P_noscale": [[0.0, 0.8923872709274292, 0.8811248540878296, 0.8759455680847168, 0.8982053995132446], [0.9009971618652344, 0.0, 0.8811248540878296, 0.8759455680847168, 0.8982053995132446], [0.9009971618652344, 0.8923872709274292, 0.0, 0.8759455680847168, 0.8982053995132446], [0.9009971618652344, 0.8923872709274292, 0.8811248540878296, 0.0, 0.8982053995132446], [0.9009971618652344, 0.8923872709274292, 0.8811248540878296, 0.8759455680847168, 0.0]], "R_noscale": [[0.0, 0.8820768594741821, 0.9015159606933594, 0.8674342036247253, 0.8959364891052246], [0.9128357768058777, 0.0, 0.9015159606933594, 0.8674342036247253, 0.8959364891052246], [0.9128357768058777, 0.8820768594741821, 0.0, 0.8674342036247253, 0.8959364891052246], [0.9128357768058777, 0.8820768594741821, 0.9015159606933594, 0.0, 0.8959364891052246], [0.9128357768058777, 0.8820768594741821, 0.9015159606933594, 0.8674342036247253, 0.0]], "F1_noscale": [[0.0, 0.8872020840644836, 0.891203761100769, 0.8716691136360168, 0.89706951379776], [0.9068778157234192, 0.0, 0.891203761100769, 0.8716691136360168, 0.89706951379776], [0.9068778157234192, 0.8872020840644836, 0.0, 0.8716691136360168, 0.89706951379776], [0.9068778157234192, 0.8872020840644836, 0.891203761100769, 0.0, 0.89706951379776], [0.9068778157234192, 0.8872020840644836, 0.891203761100769, 0.8716691136360168, 0.0]], "Score": 0.24620778262615203}}}}
