{"img_fn": "Image698.jpeg", "metadata_fn": "Image698.json", "img_id": "val-697", "annot_id": "val-701", "question": ["What", "is", "the", "man", "in", "green", "doing", "?"], "answer_choices": [["He", "is", "threatening", "the", "man", "on", "the", "ground", "."], ["He", "is", "trying", "to", "arrest", "the", "man", "on", "the", "ground", "."], ["He", "is", "making", "sure", "the", "man", "on", "the", "ground", "is", "alive", "."], ["He", "is", "testing", "the", "man", "on", "the", "ground's", "reflexes", "in", "the", "hospital", "."]], "answer_label": 2, "CaptionExperiment": {"Humans": {"Captions": [" An EMT paramedic shines a penlight into the eyes of a man on the floor in the middle of the street. ", "A paramedic flashing a light into an unconscious man’s eyes lying in the middle of a street. ", "A paramedic examining a severely injured man.", "A man is knocked down, and a doctor from an ambulance is checking his consciousness", " An EMT checks an unconscious man’s vital signs while her lays in the street. "], "Confidence": [8, 9, 10, 8, 8], "P": [[0.0, 0.6550388336181641, 0.3467748463153839, 0.3247157633304596, 0.4584237039089203], [0.7161065340042114, 0.0, 0.4193333685398102, 0.33799266815185547, 0.5534229874610901], [0.6186819076538086, 0.7049903273582458, 0.0, 0.46407943964004517, 0.6315258145332336], [0.39571425318717957, 0.40127307176589966, 0.36521509289741516, 0.0, 0.3955197036266327], [0.5179780721664429, 0.574646532535553, 0.37317267060279846, 0.37695956230163574, 0.0]], "R": [[0.0, 0.7161263227462769, 0.6187084913253784, 0.3957563638687134, 0.5180116295814514], [0.6550628542900085, 0.0, 0.7050108313560486, 0.40131479501724243, 0.5746761560440063], [0.3468203842639923, 0.41937384009361267, 0.0, 0.3652593195438385, 0.37321633100509644], [0.32476282119750977, 0.3380388021469116, 0.46411678194999695, 0.0, 0.3770029544830322], [0.4584614336490631, 0.5534541010856628, 0.6315515041351318, 0.3955618143081665, 0.0]], "F1": [[0.0, 0.6859288215637207, 0.480180561542511, 0.3610388934612274, 0.4888867139816284], [0.6859288215637207, 0.0, 0.5591832399368286, 0.3704909086227417, 0.5647380948066711], [0.480180561542511, 0.5591832399368286, 0.0, 0.41516271233558655, 0.5001108646392822], [0.3610388934612274, 0.3704909086227417, 0.41516271233558655, 0.0, 0.38724175095558167], [0.4888867139816284, 0.5647380948066711, 0.5001108646392822, 0.38724175095558167, 0.0]], "P_IDF": [[0.0, 0.5665633678436279, 0.17490625381469727, 0.10091256350278854, 0.303609699010849], [0.6381324529647827, 0.0, 0.30975785851478577, 0.18084286153316498, 0.47459179162979126], [0.46734490990638733, 0.5894675254821777, 0.0, 0.2978513538837433, 0.4913683533668518], [0.24787087738513947, 0.3024458587169647, 0.2681633234024048, 0.0, 0.3136402368545532], [0.44402116537094116, 0.5222697257995605, 0.31300491094589233, 0.2977827489376068, 0.0]], "R_IDF": [[0.0, 0.6381576657295227, 0.46738201379776, 0.24792328476905823, 0.44405990839004517], [0.566593587398529, 0.0, 0.5894964933395386, 0.30249446630477905, 0.52230304479599], [0.17496374249458313, 0.30980560183525085, 0.0, 0.26821431517601013, 0.313052773475647], [0.10097521543502808, 0.1808999478816986, 0.2979002892971039, 0.0, 0.2978316843509674], [0.30365821719169617, 0.47462841868400574, 0.4914037883281708, 0.3136880695819855, 0.0]], "F1_IDF": [[0.0, 0.6027771830558777, 0.3181915283203125, 0.1747070997953415, 0.37392789125442505], [0.6027771830558777, 0.0, 0.4468996226787567, 0.24219034612178802, 0.4991587698459625], [0.3181915283203125, 0.44689926505088806, 0.0, 0.2841551899909973, 0.4016910195350647], [0.1747070997953415, 0.24219034612178802, 0.2841551899909973, 0.0, 0.30685147643089294], [0.37392789125442505, 0.4991587698459625, 0.4016910195350647, 0.30685147643089294, 0.0]], "P_noscale": [[0.0, 0.9418760538101196, 0.8899353742599487, 0.8862185478210449, 0.9087475538253784], [0.9521656036376953, 0.0, 0.9021610617637634, 0.8884556293487549, 0.9247543811798096], [0.9357501268386841, 0.9502925872802734, 0.0, 0.9097005128860474, 0.937914252281189], [0.8981813788414001, 0.8991180062294006, 0.8930424451828003, 0.0, 0.8981485962867737], [0.918782114982605, 0.9283304214477539, 0.8943832516670227, 0.8950213193893433, 0.0]], "R_noscale": [[0.0, 0.9521656036376953, 0.9357501268386841, 0.8981813788414001, 0.918782114982605], [0.9418760538101196, 0.0, 0.9502925872802734, 0.8991180062294006, 0.9283304214477539], [0.8899353742599487, 0.9021610617637634, 0.0, 0.8930424451828003, 0.8943832516670227], [0.8862185478210449, 0.8884556293487549, 0.9097005128860474, 0.0, 0.8950213193893433], [0.9087475538253784, 0.9247543811798096, 0.937914252281189, 0.8981485962867737, 0.0]], "F1_noscale": [[0.0, 0.9469928741455078, 0.9122678637504578, 0.8921598196029663, 0.9137372374534607], [0.9469928741455078, 0.0, 0.9256014823913574, 0.8937550783157349, 0.9265390038490295], [0.9122678637504578, 0.9256014823913574, 0.0, 0.9012945294380188, 0.9156315922737122], [0.8921598196029663, 0.8937550783157349, 0.9012945294380188, 0.0, 0.8965821862220764], [0.9137372374534607, 0.9265390038490295, 0.9156315922737122, 0.8965821862220764, 0.0]], "Score": 0.36505499482154846}, "Machines": {"Oscar": {"Captions": "a person in a yellow vest and a woman in a black jacket.", "Confidence": 0.4127146005630493, "P": [[0.0, 0.2601495087146759, 0.23398622870445251, 0.27146345376968384, 0.13613924384117126], [0.25524336099624634, 0.0, 0.23398622870445251, 0.27146345376968384, 0.13613924384117126], [0.25524336099624634, 0.2601495087146759, 0.0, 0.27146345376968384, 0.13613924384117126], [0.25524336099624634, 0.2601495087146759, 0.23398622870445251, 0.0, 0.13613924384117126], [0.25524336099624634, 0.2601495087146759, 0.23398622870445251, 0.27146345376968384, 0.0]], "R": [[0.0, 0.13540463149547577, 0.2731919288635254, 0.15623439848423004, 0.11468557268381119], [0.11780719459056854, 0.0, 0.2731919288635254, 0.15623439848423004, 0.11468557268381119], [0.11780719459056854, 0.13540463149547577, 0.0, 0.15623439848423004, 0.11468557268381119], [0.11780719459056854, 0.13540463149547577, 0.2731919288635254, 0.0, 0.11468557268381119], [0.11780719459056854, 0.13540463149547577, 0.2731919288635254, 0.15623439848423004, 0.0]], "F1": [[0.0, 0.1983209252357483, 0.2547290027141571, 0.21447984874248505, 0.126810222864151], [0.18692298233509064, 0.0, 0.2547290027141571, 0.21447984874248505, 0.126810222864151], [0.18692298233509064, 0.1983209252357483, 0.0, 0.21447984874248505, 0.126810222864151], [0.18692298233509064, 0.1983209252357483, 0.2547290027141571, 0.0, 0.126810222864151], [0.18692298233509064, 0.1983209252357483, 0.2547290027141571, 0.21447984874248505, 0.0]], "P_IDF": [[0.0, -0.061972226947546005, -0.03693635016679764, -0.03531794622540474, -0.16865019500255585], [-0.054466381669044495, 0.0, -0.03693635016679764, -0.03531794622540474, -0.16865019500255585], [-0.054466381669044495, -0.061972226947546005, 0.0, -0.03531794622540474, -0.16865019500255585], [-0.054466381669044495, -0.061972226947546005, -0.03693635016679764, 0.0, -0.16865019500255585], [-0.054466381669044495, -0.061972226947546005, -0.03693635016679764, -0.03531794622540474, 0.0]], "R_IDF": [[0.0, -0.04244338721036911, 0.10015988349914551, 0.024102777242660522, 0.011378251947462559], [-0.14892856776714325, 0.0, 0.10015988349914551, 0.024102777242660522, 0.011378251947462559], [-0.14892856776714325, -0.04244338721036911, 0.0, 0.024102777242660522, 0.011378251947462559], [-0.14892856776714325, -0.04244338721036911, 0.10015988349914551, 0.0, 0.011378251947462559], [-0.14892856776714325, -0.04244338721036911, 0.10015988349914551, 0.024102777242660522, 0.0]], "F1_IDF": [[0.0, -0.050516992807388306, 0.03224404156208038, -0.004151065833866596, -0.07854463160037994], [-0.10037074983119965, 0.0, 0.03224404156208038, -0.004151065833866596, -0.07854463160037994], [-0.10037074983119965, -0.050516992807388306, 0.0, -0.004151065833866596, -0.07854463160037994], [-0.10037074983119965, -0.050516992807388306, 0.03224404156208038, 0.0, -0.07854463160037994], [-0.10037074983119965, -0.050516992807388306, 0.03224404156208038, -0.004151065833866596, 0.0]], "P_noscale": [[0.0, 0.8753395080566406, 0.8709311485290527, 0.8772458434104919, 0.8544445037841797], [0.8745128512382507, 0.0, 0.8709311485290527, 0.8772458434104919, 0.8544445037841797], [0.8745128512382507, 0.8753395080566406, 0.0, 0.8772458434104919, 0.8544445037841797], [0.8745128512382507, 0.8753395080566406, 0.8709311485290527, 0.0, 0.8544445037841797], [0.8745128512382507, 0.8753395080566406, 0.8709311485290527, 0.8772458434104919, 0.0]], "R_noscale": [[0.0, 0.8543105721473694, 0.8775285482406616, 0.8578205108642578, 0.8508192896842957], [0.8513453006744385, 0.0, 0.8775285482406616, 0.8578205108642578, 0.8508192896842957], [0.8513453006744385, 0.8543105721473694, 0.0, 0.8578205108642578, 0.8508192896842957], [0.8513453006744385, 0.8543105721473694, 0.8775285482406616, 0.0, 0.8508192896842957], [0.8513453006744385, 0.8543105721473694, 0.8775285482406616, 0.8578205108642578, 0.0]], "F1_noscale": [[0.0, 0.8646972179412842, 0.8742174506187439, 0.8674244284629822, 0.8526280522346497], [0.8627735376358032, 0.0, 0.8742174506187439, 0.8674244284629822, 0.8526280522346497], [0.8627735376358032, 0.8646972179412842, 0.0, 0.8674244284629822, 0.8526280522346497], [0.8627735376358032, 0.8646972179412842, 0.8742174506187439, 0.0, 0.8526280522346497], [0.8627735376358032, 0.8646972179412842, 0.8742174506187439, 0.8674244284629822, 0.0]], "Score": -0.04026787970215082}}}, "ObjectSearchExperiment": {"TargetBoundingBox": [[1787, 547], [1910, 681]], "Label": "Headlight"}}
{"img_fn": "Image186.jpeg", "metadata_fn": "Image186.json", "img_id": "val-185", "annot_id": "val-187", "question": ["Why", "is", "the", "woman", "standing", "here", "?"], "answer_choices": [["She", "is", "about", "to", "give", "the", "man", "a", "surprise", "."], ["She", "is", "not", "a", "real", "woman", "but", "a", "mannequin", "."], ["She", "is", "waiting", "for", "the", "man", "."], ["She", "is", "trying", "to", "stop", "the", "man", "from", "coming", "in", "the", "house", "."]], "answer_label": 1, "CaptionExperiment": {"Humans": {"Captions": [" A man walks into a shop. ", "A man walking into a store with a mannequin by the door entrance. ", "A man walking into a digital store ran by a robot.", "A man enters a store to investigate something.", " A man walks into a shop with a mannequin in it. "], "Confidence": [-1, -1, 5, 5, -1], "P": [[0.0, 0.8048465847969055, 0.7175179719924927, 0.7629616260528564, 0.9379658699035645], [0.4171224534511566, 0.0, 0.47624239325523376, 0.40088146924972534, 0.6629610061645508], [0.47834542393684387, 0.6149802803993225, 0.0, 0.4819013178348541, 0.5503290891647339], [0.607990562915802, 0.6266002058982849, 0.5766119360923767, 0.0, 0.5966631770133972], [0.5971753597259521, 0.7775112986564636, 0.5140609741210938, 0.5065335631370544, 0.0]], "R": [[0.0, 0.41716307401657104, 0.47838178277015686, 0.6080178618431091, 0.5972034335136414], [0.8048601746559143, 0.0, 0.6150071024894714, 0.6266262531280518, 0.77752685546875], [0.7175376415252686, 0.4762789011001587, 0.0, 0.5766414403915405, 0.5140951871871948], [0.7629781365394592, 0.4009232223033905, 0.4819374084472656, 0.0, 0.5065679550170898], [0.9379705190658569, 0.6629844903945923, 0.5503604412078857, 0.5966908931732178, 0.0]], "F1": [[0.0, 0.6048650741577148, 0.596018373966217, 0.6849315166473389, 0.7628729343414307], [0.6048650741577148, 0.0, 0.5454886555671692, 0.5122141242027283, 0.7201212644577026], [0.596018373966217, 0.5454886555671692, 0.0, 0.5296281576156616, 0.5329115390777588], [0.6849315166473389, 0.5122141242027283, 0.5296281576156616, 0.0, 0.5519727468490601], [0.7628732919692993, 0.7201212644577026, 0.5329111814498901, 0.5519727468490601, 0.0]], "P_IDF": [[0.0, 0.7542781233787537, 0.642143964767456, 0.6358157396316528, 0.9151412844657898], [0.1984369307756424, 0.0, 0.26454412937164307, 0.17400312423706055, 0.5716258883476257], [0.21085599064826965, 0.33889755606651306, 0.0, 0.19675520062446594, 0.2889949083328247], [0.4240049719810486, 0.4435407817363739, 0.38765832781791687, 0.0, 0.39941731095314026], [0.4128820598125458, 0.7646726965904236, 0.32397642731666565, 0.2747536897659302, 0.0]], "R_IDF": [[0.0, 0.19849278032779694, 0.21091097593307495, 0.4240451157093048, 0.41292262077331543], [0.754295289516449, 0.0, 0.33894363045692444, 0.4435795545578003, 0.7646890878677368], [0.6421688795089722, 0.2645953893661499, 0.0, 0.38770100474357605, 0.3240235447883606], [0.6358411312103271, 0.17406068742275238, 0.19681116938591003, 0.0, 0.2748035192489624], [0.9151468276977539, 0.5716556906700134, 0.28904443979263306, 0.3994591534137726, 0.0]], "F1_IDF": [[0.0, 0.4629766047000885, 0.4187925159931183, 0.5286414623260498, 0.6533241868019104], [0.4629766047000885, 0.0, 0.3026160001754761, 0.30646124482154846, 0.6670399308204651], [0.4187925159931183, 0.3026160001754761, 0.0, 0.29164114594459534, 0.30757829546928406], [0.5286414623260498, 0.30646124482154846, 0.29164114594459534, 0.0, 0.3374497890472412], [0.6533241868019104, 0.6670399308204651, 0.30757829546928406, 0.33744943141937256, 0.0]], "P_noscale": [[0.0, 0.9671177864074707, 0.9524034261703491, 0.9600604176521301, 0.989547610282898], [0.9017885327339172, 0.0, 0.9117498993873596, 0.8990520238876343, 0.9432108998298645], [0.9121042490005493, 0.9351264238357544, 0.0, 0.9127033948898315, 0.924233078956604], [0.9339486956596375, 0.9370843172073364, 0.928661584854126, 0.0, 0.9320400953292847], [0.9321264028549194, 0.9625119566917419, 0.9181221127510071, 0.9168537855148315, 0.0]], "R_noscale": [[0.0, 0.9017885327339172, 0.9121042490005493, 0.9339486956596375, 0.9321264028549194], [0.9671177864074707, 0.0, 0.9351264238357544, 0.9370843172073364, 0.9625119566917419], [0.9524034261703491, 0.9117498993873596, 0.0, 0.928661584854126, 0.9181221723556519], [0.9600604176521301, 0.8990520238876343, 0.9127033948898315, 0.0, 0.9168537855148315], [0.9895476698875427, 0.9432108998298645, 0.924233078956604, 0.9320400357246399, 0.0]], "F1_noscale": [[0.0, 0.933311402797699, 0.9318183064460754, 0.9468245506286621, 0.9599790573120117], [0.933311402797699, 0.0, 0.9232901930809021, 0.9176743030548096, 0.9527636766433716], [0.9318183064460754, 0.9232901930809021, 0.0, 0.9206133484840393, 0.9211674928665161], [0.9468245506286621, 0.9176743030548096, 0.9206133484840393, 0.0, 0.9243845343589783], [0.9599791169166565, 0.9527636766433716, 0.9211674332618713, 0.9243845343589783, 0.0]], "Score": 0.4276520997285843}, "Machines": {"Oscar": {"Captions": "a woman wearing a red hat and a red coat.", "Confidence": 0.48683425784111023, "P": [[0.0, 0.3426932990550995, 0.2284889668226242, 0.22284242510795593, 0.27236586809158325], [0.23637862503528595, 0.0, 0.2284889668226242, 0.22284242510795593, 0.27236586809158325], [0.23637862503528595, 0.3426932990550995, 0.0, 0.22284242510795593, 0.27236586809158325], [0.23637862503528595, 0.3426932990550995, 0.2284889668226242, 0.0, 0.27236586809158325], [0.23637862503528595, 0.3426932990550995, 0.2284889668226242, 0.22284242510795593, 0.0]], "R": [[0.0, 0.2144206315279007, 0.24711467325687408, 0.29341861605644226, 0.25209546089172363], [0.32437196373939514, 0.0, 0.24711467325687408, 0.29341861605644226, 0.25209546089172363], [0.32437196373939514, 0.2144206315279007, 0.0, 0.29341861605644226, 0.25209546089172363], [0.32437196373939514, 0.2144206315279007, 0.24711467325687408, 0.0, 0.25209546089172363], [0.32437196373939514, 0.2144206315279007, 0.24711467325687408, 0.29341861605644226, 0.0]], "F1": [[0.0, 0.2789386212825775, 0.23902355134487152, 0.25909799337387085, 0.26340869069099426], [0.2811759114265442, 0.0, 0.23902355134487152, 0.25909799337387085, 0.26340869069099426], [0.2811759114265442, 0.2789386212825775, 0.0, 0.25909799337387085, 0.26340869069099426], [0.2811759114265442, 0.2789386212825775, 0.23902355134487152, 0.0, 0.26340869069099426], [0.2811759114265442, 0.2789386212825775, 0.23902355134487152, 0.25909799337387085, 0.0]], "P_IDF": [[0.0, 0.021877607330679893, -0.08314375579357147, -0.050378456711769104, -0.0018423248548060656], [-0.0307952668517828, 0.0, -0.08314375579357147, -0.050378456711769104, -0.0018423248548060656], [-0.0307952668517828, 0.021877607330679893, 0.0, -0.050378456711769104, -0.0018423248548060656], [-0.0307952668517828, 0.021877607330679893, -0.08314375579357147, 0.0, -0.0018423248548060656], [-0.0307952668517828, 0.021877607330679893, -0.08314375579357147, -0.050378456711769104, 0.0]], "R_IDF": [[0.0, -0.0932191014289856, -0.019107483327388763, 0.12144206464290619, -0.03954213857650757], [0.11858609318733215, 0.0, -0.019107483327388763, 0.12144206464290619, -0.03954213857650757], [0.11858609318733215, -0.0932191014289856, 0.0, 0.12144206464290619, -0.03954213857650757], [0.11858609318733215, -0.0932191014289856, -0.019107483327388763, 0.0, -0.03954213857650757], [0.11858609318733215, -0.0932191014289856, -0.019107483327388763, 0.12144206464290619, 0.0]], "F1_IDF": [[0.0, -0.03466567397117615, -0.04962596669793129, 0.03562026843428612, -0.01910676807165146], [0.04433383420109749, 0.0, -0.04962596669793129, 0.03562026843428612, -0.01910676807165146], [0.04433383420109749, -0.03466567397117615, 0.0, 0.03562026843428612, -0.01910676807165146], [0.04433383420109749, -0.03466567397117615, -0.04962596669793129, 0.0, -0.01910676807165146], [0.04433383420109749, -0.03466567397117615, -0.04962596669793129, 0.03562026843428612, 0.0]], "P_noscale": [[0.0, 0.8892476558685303, 0.8700048923492432, 0.8690534830093384, 0.877397894859314], [0.8713342547416687, 0.0, 0.8700048923492432, 0.8690534830093384, 0.877397894859314], [0.8713342547416687, 0.8892476558685303, 0.0, 0.8690534830093384, 0.877397894859314], [0.8713342547416687, 0.8892476558685303, 0.8700048923492432, 0.0, 0.877397894859314], [0.8713342547416687, 0.8892476558685303, 0.8700048923492432, 0.8690534830093384, 0.0]], "R_noscale": [[0.0, 0.8676252365112305, 0.8731343746185303, 0.880936861038208, 0.8739736676216125], [0.8861526846885681, 0.0, 0.8731343746185303, 0.880936861038208, 0.8739736676216125], [0.8861526846885681, 0.8676252365112305, 0.0, 0.880936861038208, 0.8739736676216125], [0.8861526846885681, 0.8676252365112305, 0.8731343746185303, 0.0, 0.8739736676216125], [0.8861526846885681, 0.8676252365112305, 0.8731343746185303, 0.880936861038208, 0.0]], "F1_noscale": [[0.0, 0.8783034086227417, 0.8715667724609375, 0.8749548196792603, 0.8756823539733887], [0.8786810040473938, 0.0, 0.8715667724609375, 0.8749548196792603, 0.8756823539733887], [0.8786810040473938, 0.8783034086227417, 0.0, 0.8749548196792603, 0.8756823539733887], [0.8786810040473938, 0.8783034086227417, 0.8715667724609375, 0.0, 0.8756823539733887], [0.8786810040473938, 0.8783034086227417, 0.8715667724609375, 0.8749548196792603, 0.0]], "Score": -0.004688861221075058}}}, "ObjectSearchExperiment": {"TargetBoundingBox": [[75, 674], [183, 768]], "Label": "Cup"}}
{"img_fn": "Image668.jpeg", "metadata_fn": "Image668.json", "img_id": "val-667", "annot_id": "val-671", "question": ["What", "is", "the", "man", "in", "green", "signing", "?"], "answer_choices": [["He", "is", "signing", "a", "check", "to", "deposit", "at", "a", "bank", "."], ["He", "is", "singing", "an", "autograph", "for", "a", "fan", "."], ["He", "is", "writing", "down", "the", "homework", "from", "his", "teacher", "."], ["He", "is", "signing", "a", "hockey", "contract", "."]], "answer_label": 1, "CaptionExperiment": {"Humans": {"Captions": [" A boy excitedly waits for a college basketball player to give him his autograph. ", "A college basketball player signing an autograph for a boy in an empty indoor basketball stadium. ", "A basketball player signing for a student on a basketball court.", "A basketball player writing his signature for his fan", " A basketball player signs the belonging of a young fan. "], "Confidence": [1, 9, 10, 8, 7], "P": [[0.0, 0.5744830965995789, 0.3631502389907837, 0.4088132381439209, 0.41814300417900085], [0.5584617853164673, 0.0, 0.5093674659729004, 0.3985707759857178, 0.4689774513244629], [0.48695746064186096, 0.7002808451652527, 0.0, 0.519149661064148, 0.5330948233604431], [0.46703076362609863, 0.5352622270584106, 0.5294434428215027, 0.0, 0.4868736267089844], [0.44825872778892517, 0.5571370124816895, 0.5066297650337219, 0.4675642251968384, 0.0]], "R": [[0.0, 0.5584925413131714, 0.4869931936264038, 0.4670678973197937, 0.4482971727848053], [0.5745127201080322, 0.0, 0.7003017067909241, 0.5352945923805237, 0.5571678876876831], [0.36319461464881897, 0.5094016194343567, 0.0, 0.5294762253761292, 0.5066641569137573], [0.4088544249534607, 0.39861270785331726, 0.5191831588745117, 0.0, 0.46760132908821106], [0.4181835651397705, 0.4690144658088684, 0.5331273674964905, 0.4869093596935272, 0.0]], "F1": [[0.0, 0.5671802163124084, 0.42529425024986267, 0.4386974275112152, 0.43409961462020874], [0.5671802163124084, 0.0, 0.6038377285003662, 0.4669380486011505, 0.5135091543197632], [0.42529425024986267, 0.6038377285003662, 0.0, 0.5250808596611023, 0.5206271409988403], [0.4386974275112152, 0.4669380486011505, 0.5250808596611023, 0.0, 0.478069007396698], [0.43409961462020874, 0.5135091543197632, 0.5206271409988403, 0.478069007396698, 0.0]], "P_IDF": [[0.0, 0.5431777238845825, 0.2366085648536682, 0.3196822702884674, 0.3279472589492798], [0.5327813625335693, 0.0, 0.3879837691783905, 0.3260136842727661, 0.35861730575561523], [0.36355990171432495, 0.6299198269844055, 0.0, 0.5027640461921692, 0.4857522249221802], [0.40289396047592163, 0.47851133346557617, 0.47836312651634216, 0.0, 0.45264557003974915], [0.3311023414134979, 0.4133857786655426, 0.392808198928833, 0.4126468002796173, 0.0]], "R_IDF": [[0.0, 0.5328139662742615, 0.36360424757003784, 0.40293556451797485, 0.33114898204803467], [0.5432095527648926, 0.0, 0.6299455761909485, 0.47854769229888916, 0.4134266674518585], [0.23666176199913025, 0.3880264163017273, 0.0, 0.47839945554733276, 0.39285051822662354], [0.31972968578338623, 0.3260606527328491, 0.5027986764907837, 0.0, 0.412687748670578], [0.32799410820007324, 0.3586620092391968, 0.4857880771160126, 0.4526837170124054, 0.0]], "F1_IDF": [[0.0, 0.5387411713600159, 0.30047762393951416, 0.3620217442512512, 0.3306373059749603], [0.5387411713600159, 0.0, 0.507082998752594, 0.40216708183288574, 0.386880099773407], [0.30047762393951416, 0.507082998752594, 0.0, 0.49138179421424866, 0.43980956077575684], [0.3620217442512512, 0.40216708183288574, 0.49138179421424866, 0.0, 0.4335133731365204], [0.3306373059749603, 0.386880099773407, 0.43980956077575684, 0.4335133731365204, 0.0]], "P_noscale": [[0.0, 0.9283028841018677, 0.8926945328712463, 0.9003884792327881, 0.9019604921340942], [0.9256033897399902, 0.0, 0.9173312783241272, 0.8986626863479614, 0.9105257987976074], [0.9135553240776062, 0.9494990706443787, 0.0, 0.9189795255661011, 0.9213292002677917], [0.9101977944374084, 0.9216943979263306, 0.9207139611244202, 0.0, 0.9135411977767944], [0.9070348143577576, 0.9253801703453064, 0.9168699979782104, 0.9102876782417297, 0.0]], "R_noscale": [[0.0, 0.9256033897399902, 0.9135553240776062, 0.9101977944374084, 0.9070348143577576], [0.9283028841018677, 0.0, 0.9494990706443787, 0.9216943979263306, 0.9253801703453064], [0.8926945328712463, 0.9173312783241272, 0.0, 0.9207139611244202, 0.9168699979782104], [0.9003884792327881, 0.8986626863479614, 0.9189795255661011, 0.0, 0.9102876782417297], [0.9019604921340942, 0.9105257987976074, 0.9213292002677917, 0.9135411977767944, 0.0]], "F1_noscale": [[0.0, 0.9269511699676514, 0.9030044674873352, 0.9052665829658508, 0.90449059009552], [0.9269511699676514, 0.0, 0.9331380128860474, 0.9100328683853149, 0.9178928732872009], [0.9030044674873352, 0.9331380128860474, 0.0, 0.9198458790779114, 0.9190942049026489], [0.9052665829658508, 0.9100328683853149, 0.9198458790779114, 0.0, 0.9119114875793457], [0.90449059009552, 0.9178928732872009, 0.9190942049026489, 0.9119114875793457, 0.0]], "Score": 0.4192712754011154}, "Machines": {"Oscar": {"Captions": "a couple of young men standing next to each other.", "Confidence": 0.6713780760765076, "P": [[0.0, 0.1857394576072693, 0.17422068119049072, 0.16247373819351196, 0.12103522568941116], [0.20156513154506683, 0.0, 0.17422068119049072, 0.16247373819351196, 0.12103522568941116], [0.20156513154506683, 0.1857394576072693, 0.0, 0.16247373819351196, 0.12103522568941116], [0.20156513154506683, 0.1857394576072693, 0.17422068119049072, 0.0, 0.12103522568941116], [0.20156513154506683, 0.1857394576072693, 0.17422068119049072, 0.16247373819351196, 0.0]], "R": [[0.0, 0.10045205801725388, 0.16946297883987427, 0.08641733974218369, 0.12353045493364334], [0.15104490518569946, 0.0, 0.16946297883987427, 0.08641733974218369, 0.12353045493364334], [0.15104490518569946, 0.10045205801725388, 0.0, 0.08641733974218369, 0.12353045493364334], [0.15104490518569946, 0.10045205801725388, 0.16946297883987427, 0.0, 0.12353045493364334], [0.15104490518569946, 0.10045205801725388, 0.16946297883987427, 0.08641733974218369, 0.0]], "F1": [[0.0, 0.14412857592105865, 0.1731860339641571, 0.12558086216449738, 0.12370839715003967], [0.17751722037792206, 0.0, 0.1731860339641571, 0.12558086216449738, 0.12370839715003967], [0.17751722037792206, 0.14412857592105865, 0.0, 0.12558086216449738, 0.12370839715003967], [0.17751722037792206, 0.14412857592105865, 0.1731860339641571, 0.0, 0.12370839715003967], [0.17751722037792206, 0.14412857592105865, 0.1731860339641571, 0.12558086216449738, 0.0]], "P_IDF": [[0.0, 0.039715755730867386, 0.021401461213827133, 0.02986809052526951, -0.0043153841979801655], [0.07343900203704834, 0.0, 0.021401461213827133, 0.02986809052526951, -0.0043153841979801655], [0.07343900203704834, 0.039715755730867386, 0.0, 0.02986809052526951, -0.0043153841979801655], [0.07343900203704834, 0.039715755730867386, 0.021401461213827133, 0.0, -0.0043153841979801655], [0.07343900203704834, 0.039715755730867386, 0.021401461213827133, 0.02986809052526951, 0.0]], "R_IDF": [[0.0, -0.051028985530138016, -0.0015167701058089733, 0.00817810744047165, -0.01275282446295023], [0.015385241247713566, 0.0, -0.0015167701058089733, 0.00817810744047165, -0.01275282446295023], [0.015385241247713566, -0.051028985530138016, 0.0, 0.00817810744047165, -0.01275282446295023], [0.015385241247713566, -0.051028985530138016, -0.0015167701058089733, 0.0, -0.01275282446295023], [0.015385241247713566, -0.051028985530138016, -0.0015167701058089733, 0.00817810744047165, 0.0]], "F1_IDF": [[0.0, -0.004441718105226755, 0.011524028144776821, 0.020592521876096725, -0.00689901877194643], [0.04579451307654381, 0.0, 0.011524028144776821, 0.020592521876096725, -0.00689901877194643], [0.04579451307654381, -0.004441718105226755, 0.0, 0.020592521876096725, -0.00689901877194643], [0.04579451307654381, -0.004441718105226755, 0.011524028144776821, 0.0, -0.00689901877194643], [0.04579451307654381, -0.004441718105226755, 0.011524028144776821, 0.020592521876096725, 0.0]], "P_noscale": [[0.0, 0.8628018498420715, 0.8608610033988953, 0.8588817119598389, 0.8518995642662048], [0.8654683828353882, 0.0, 0.8608610033988953, 0.8588817119598389, 0.8518995642662048], [0.8654683828353882, 0.8628018498420715, 0.0, 0.8588817119598389, 0.8518995642662048], [0.8654683828353882, 0.8628018498420715, 0.8608610033988953, 0.0, 0.8518995642662048], [0.8654683828353882, 0.8628018498420715, 0.8608610033988953, 0.8588817119598389, 0.0]], "R_noscale": [[0.0, 0.8484208583831787, 0.8600496053695679, 0.8460559248924255, 0.8523097038269043], [0.8569460511207581, 0.0, 0.8600496053695679, 0.8460559248924255, 0.8523097038269043], [0.8569460511207581, 0.8484208583831787, 0.0, 0.8460559248924255, 0.8523097038269043], [0.8569460511207581, 0.8484208583831787, 0.8600496053695679, 0.0, 0.8523097038269043], [0.8569460511207581, 0.8484208583831787, 0.8600496053695679, 0.8460559248924255, 0.0]], "F1_noscale": [[0.0, 0.8555509448051453, 0.8604550957679749, 0.8524205684661865, 0.8521045446395874], [0.8611860871315002, 0.0, 0.8604550957679749, 0.8524205684661865, 0.8521045446395874], [0.8611860871315002, 0.8555509448051453, 0.0, 0.8524205684661865, 0.8521045446395874], [0.8611860871315002, 0.8555509448051453, 0.8604550957679749, 0.0, 0.8521045446395874], [0.8611860871315002, 0.8555509448051453, 0.8604550957679749, 0.8524205684661865, 0.0]], "Score": 0.013314065244048833}}}, "ObjectSearchExperiment": {"TargetBoundingBox": [[694, 497], [745, 585]], "Label": "Pen"}}
{"img_fn": "Image851.jpeg", "metadata_fn": "Image851.json", "img_id": "val-850", "annot_id": "val-854", "question": ["Where", "are", "these", "people", "?"], "answer_choices": [["A", "bank", "."], ["A", "movie", "set", "."], ["A", "saloon", "."], ["A", "theater", "."]], "answer_label": 1, "CaptionExperiment": {"Humans": {"Captions": [" A western film production is occurring with the actor strutting across the stage while the director gives direction. ", "People filming a western movie on an outdoor filming set. ", "Casts and crew members working on a film project on set.", "A crew is on set and shooting a film.", " A film director gives directions while filming an old western. "], "Confidence": [-1, -1, 10, 7, -1], "P": [[0.0, 0.23202362656593323, 0.19481559097766876, 0.20924077928066254, 0.330819696187973], [0.349517822265625, 0.0, 0.45925042033195496, 0.4218810796737671, 0.5421129465103149], [0.21895118057727814, 0.3851364552974701, 0.0, 0.39665770530700684, 0.3341633379459381], [0.34983938932418823, 0.49046486616134644, 0.49915611743927, 0.0, 0.46158304810523987], [0.4878633916378021, 0.4814262390136719, 0.4017775058746338, 0.37136712670326233, 0.0]], "R": [[0.0, 0.3495631515979767, 0.21900561451911926, 0.34988468885421753, 0.4878990948200226], [0.23207713663578033, 0.0, 0.3851793110370636, 0.49050039052963257, 0.48146235942840576], [0.1948717087507248, 0.459288090467453, 0.0, 0.4991910457611084, 0.4018191993236542], [0.2092958688735962, 0.42192137241363525, 0.3966997563838959, 0.0, 0.37141093611717224], [0.33086633682250977, 0.5421448349952698, 0.33420974016189575, 0.4616205394268036, 0.0]], "F1": [[0.0, 0.2912883460521698, 0.2081713229417801, 0.2797897458076477, 0.40916991233825684], [0.2912883460521698, 0.0, 0.42289626598358154, 0.45685774087905884, 0.5124108195304871], [0.2081713229417801, 0.42289626598358154, 0.0, 0.4483359456062317, 0.3688042163848877], [0.2797897458076477, 0.45685774087905884, 0.4483359456062317, 0.0, 0.41706380248069763], [0.40916991233825684, 0.5124108195304871, 0.3688042163848877, 0.41706380248069763, 0.0]], "P_IDF": [[0.0, 0.1336010992527008, 0.0927986279129982, 0.06211797147989273, 0.2543642818927765], [0.304022878408432, 0.0, 0.3329004645347595, 0.3150966167449951, 0.49346253275871277], [0.10544479638338089, 0.22620445489883423, 0.0, 0.31105470657348633, 0.18956312537193298], [0.2091389000415802, 0.4001074731349945, 0.4949645698070526, 0.0, 0.3664945960044861], [0.4577805995941162, 0.3928142189979553, 0.3169577121734619, 0.247991144657135, 0.0]], "R_IDF": [[0.0, 0.3040713667869568, 0.10550713539123535, 0.20919400453567505, 0.4578183591365814], [0.13366147875785828, 0.0, 0.22625836730003357, 0.40014928579330444, 0.39285653829574585], [0.0928618386387825, 0.3329469561576843, 0.0, 0.4949997663497925, 0.31700530648231506], [0.06218332797288895, 0.3151443600654602, 0.3111026883125305, 0.0, 0.24804355204105377], [0.25441625714302063, 0.4934978485107422, 0.18961960077285767, 0.36653873324394226, 0.0]], "F1_IDF": [[0.0, 0.21870189905166626, 0.10060878098011017, 0.13599878549575806, 0.35518911480903625], [0.21870189905166626, 0.0, 0.28020328283309937, 0.35832729935646057, 0.4435926079750061], [0.10060878098011017, 0.28020328283309937, 0.0, 0.4024188816547394, 0.25371861457824707], [0.13599878549575806, 0.35832729935646057, 0.4024188816547394, 0.0, 0.30772414803504944], [0.35518911480903625, 0.4435926079750061, 0.25371861457824707, 0.30772414803504944, 0.0]], "P_noscale": [[0.0, 0.8706004619598389, 0.8643311262130737, 0.8667616844177246, 0.8872470259666443], [0.8903975486755371, 0.0, 0.9088868498802185, 0.9025903344154358, 0.9228487014770508], [0.8683978319168091, 0.8963990807533264, 0.0, 0.8983403444290161, 0.8878104090690613], [0.8904517292976379, 0.9141463041305542, 0.9156107306480408, 0.0, 0.9092798829078674], [0.913707971572876, 0.9126233458518982, 0.8992030024528503, 0.8940790295600891, 0.0]], "R_noscale": [[0.0, 0.8903975486755371, 0.8683978319168091, 0.8904517292976379, 0.913707971572876], [0.8706004619598389, 0.0, 0.8963990807533264, 0.9141463041305542, 0.9126233458518982], [0.8643311262130737, 0.9088868498802185, 0.0, 0.9156107306480408, 0.8992030024528503], [0.8667616844177246, 0.9025903344154358, 0.8983403444290161, 0.0, 0.8940790295600891], [0.8872470259666443, 0.9228487014770508, 0.8878104090690613, 0.9092798829078674, 0.0]], "F1_noscale": [[0.0, 0.8803877234458923, 0.8663597106933594, 0.8784470558166504, 0.9002830982208252], [0.8803877234458923, 0.0, 0.9025997519493103, 0.908331573009491, 0.9177075028419495], [0.8663597106933594, 0.9025997519493103, 0.0, 0.9068933129310608, 0.8934704065322876], [0.8784470558166504, 0.908331573009491, 0.9068933129310608, 0.0, 0.9016153812408447], [0.9002830982208252, 0.9177075028419495, 0.8934704065322876, 0.9016153812408447, 0.0]], "Score": 0.28564834147691726}, "Machines": {"Oscar": {"Captions": "a group of men sitting next to each other.", "Confidence": 0.5445723533630371, "P": [[0.0, 0.16758187115192413, 0.2311113029718399, 0.14533035457134247, 0.15298901498317719], [0.18080076575279236, 0.0, 0.2311113029718399, 0.14533035457134247, 0.15298901498317719], [0.18080076575279236, 0.16758187115192413, 0.0, 0.14533035457134247, 0.15298901498317719], [0.18080076575279236, 0.16758187115192413, 0.2311113029718399, 0.0, 0.15298901498317719], [0.18080076575279236, 0.16758187115192413, 0.2311113029718399, 0.14533035457134247, 0.0]], "R": [[0.0, 0.17536556720733643, 0.22187714278697968, 0.21559959650039673, 0.1680201292037964], [0.133927121758461, 0.0, 0.22187714278697968, 0.21559959650039673, 0.1680201292037964], [0.133927121758461, 0.17536556720733643, 0.0, 0.21559959650039673, 0.1680201292037964], [0.133927121758461, 0.17536556720733643, 0.22187714278697968, 0.0, 0.1680201292037964], [0.133927121758461, 0.17536556720733643, 0.22187714278697968, 0.21559959650039673, 0.0]], "F1": [[0.0, 0.17281697690486908, 0.22774673998355865, 0.18155702948570251, 0.16185766458511353], [0.15862411260604858, 0.0, 0.22774673998355865, 0.18155702948570251, 0.16185766458511353], [0.15862411260604858, 0.17281697690486908, 0.0, 0.18155702948570251, 0.16185766458511353], [0.15862411260604858, 0.17281697690486908, 0.22774673998355865, 0.0, 0.16185766458511353], [0.15862411260604858, 0.17281697690486908, 0.22774673998355865, 0.18155702948570251, 0.0]], "P_IDF": [[0.0, -0.0002784004609566182, 0.08881010860204697, -0.014702870510518551, 0.0013884649379178882], [0.04196064546704292, 0.0, 0.08881010860204697, -0.014702870510518551, 0.0013884649379178882], [0.04196064546704292, -0.0002784004609566182, 0.0, -0.014702870510518551, 0.0013884649379178882], [0.04196064546704292, -0.0002784004609566182, 0.08881010860204697, 0.0, 0.0013884649379178882], [0.04196064546704292, -0.0002784004609566182, 0.08881010860204697, -0.014702870510518551, 0.0]], "R_IDF": [[0.0, 0.03248286247253418, 0.045343928039073944, 0.03301769495010376, 0.04154457151889801], [-0.01834060810506344, 0.0, 0.045343928039073944, 0.03301769495010376, 0.04154457151889801], [-0.01834060810506344, 0.03248286247253418, 0.0, 0.03301769495010376, 0.04154457151889801], [-0.01834060810506344, 0.03248286247253418, 0.045343928039073944, 0.0, 0.04154457151889801], [-0.01834060810506344, 0.03248286247253418, 0.045343928039073944, 0.03301769495010376, 0.0]], "F1_IDF": [[0.0, 0.017647502943873405, 0.06849753111600876, 0.010653836652636528, 0.022976011037826538], [0.013230506330728531, 0.0, 0.06849753111600876, 0.010653836652636528, 0.022976011037826538], [0.013230506330728531, 0.017647502943873405, 0.0, 0.010653836652636528, 0.022976011037826538], [0.013230506330728531, 0.017647502943873405, 0.06849753111600876, 0.0, 0.022976011037826538], [0.013230506330728531, 0.017647502943873405, 0.06849753111600876, 0.010653836652636528, 0.0]], "P_noscale": [[0.0, 0.8597424030303955, 0.8704467415809631, 0.8559931516647339, 0.8572835922241211], [0.8619697093963623, 0.0, 0.8704467415809631, 0.8559931516647339, 0.8572835922241211], [0.8619697093963623, 0.8597424030303955, 0.0, 0.8559931516647339, 0.8572835922241211], [0.8619697093963623, 0.8597424030303955, 0.8704467415809631, 0.0, 0.8572835922241211], [0.8619697093963623, 0.8597424030303955, 0.8704467415809631, 0.8559931516647339, 0.0]], "R_noscale": [[0.0, 0.8610442280769348, 0.8688817024230957, 0.8678238987922668, 0.859806478023529], [0.8540616035461426, 0.0, 0.8688817024230957, 0.8678238987922668, 0.859806478023529], [0.8540616035461426, 0.8610442280769348, 0.0, 0.8678238987922668, 0.859806478023529], [0.8540616035461426, 0.8610442280769348, 0.8688817024230957, 0.0, 0.859806478023529], [0.8540616035461426, 0.8610442280769348, 0.8688817024230957, 0.8678238987922668, 0.0]], "F1_noscale": [[0.0, 0.8603928089141846, 0.8696635365486145, 0.8618679046630859, 0.8585431575775146], [0.8579974174499512, 0.0, 0.8696635365486145, 0.8618679046630859, 0.8585431575775146], [0.8579974174499512, 0.8603928089141846, 0.0, 0.8618679046630859, 0.8585431575775146], [0.8579974174499512, 0.8603928089141846, 0.8696635365486145, 0.0, 0.8585431575775146], [0.8579974174499512, 0.8603928089141846, 0.8696635365486145, 0.8618679046630859, 0.0]], "Score": 0.026601077616214754}}}, "ObjectSearchExperiment": {"TargetBoundingBox": [[1187, 469], [1210, 540]], "Label": "Bottle"}}
