{"img_fn": "Image688.jpeg", "metadata_fn": "Image688.json", "img_id": "val-687", "annot_id": "val-691", "question": ["Why", "is", "this", "person", "covering", "their", "face", "?"], "answer_choices": [["He", "is", "sick", "and", "wants", "to", "stop", "his", "germs", "from", "spreading", "."], ["It", "is", "very", "cold", "outside", "and", "he", "needs", "to", "keep", "warm", "."], ["He", "is", "getting", "dressed", "and", "is", "trying", "to", "pull", "his", "shirt", "over", "his", "head", "."], ["He", "wants", "to", "remain", "anonymous", "as", "he", "is", "committing", "a", "crime", "."]], "answer_label": 3, "CaptionExperiment": {"Humans": {"Captions": [" A thief trying to break into a bank safe. ", "A bank robber attempting to break into a bank safe. ", "A thief opening a vault in a secured room.", "A thief tries to open a safe probably in a bank", " A man tries to break into a well-sealed vault. "], "Confidence": [-1, -1, 10, 7, -1], "P": [[0.0, 0.8746465444564819, 0.6134811043739319, 0.701411783695221, 0.6807790398597717], [0.8668011426925659, 0.0, 0.5544184446334839, 0.6139706969261169, 0.6144107580184937], [0.6167755722999573, 0.5542879104614258, 0.0, 0.5357496738433838, 0.6127704381942749], [0.544502854347229, 0.41817131638526917, 0.46955370903015137, 0.0, 0.44439083337783813], [0.5971527695655823, 0.5409243106842041, 0.5476123094558716, 0.4931066632270813, 0.0]], "R": [[0.0, 0.8668103814125061, 0.6168022751808167, 0.5445346236228943, 0.5971808433532715], [0.8746553063392639, 0.0, 0.5543189644813538, 0.41821184754371643, 0.5409563183784485], [0.6135080456733704, 0.5544494986534119, 0.0, 0.4695906639099121, 0.5476438403129578], [0.7014325857162476, 0.6139975786209106, 0.5357820391654968, 0.0, 0.4931419789791107], [0.680801272392273, 0.6144376397132874, 0.6127973794937134, 0.44442954659461975, 0.0]], "F1": [[0.0, 0.8709359169006348, 0.6157668232917786, 0.6224772930145264, 0.6392517685890198], [0.8709359169006348, 0.0, 0.5550925731658936, 0.5151188373565674, 0.5781240463256836], [0.6157668232917786, 0.5550925731658936, 0.0, 0.5032759308815002, 0.5806961059570312], [0.6224772930145264, 0.5151188373565674, 0.5032759308815002, 0.0, 0.46952036023139954], [0.6392517685890198, 0.5781240463256836, 0.5806961059570312, 0.46952036023139954, 0.0]], "P_IDF": [[0.0, 0.8684127926826477, 0.5039968490600586, 0.6756942272186279, 0.562169075012207], [0.8370953798294067, 0.0, 0.3993737995624542, 0.5556926727294922, 0.455292671918869], [0.5190364718437195, 0.43505859375, 0.0, 0.4419807493686676, 0.4812617301940918], [0.5597720742225647, 0.45322924852371216, 0.36598482728004456, 0.0, 0.32343873381614685], [0.4737095534801483, 0.42080816626548767, 0.4386134147644043, 0.33115118741989136, 0.0]], "R_IDF": [[0.0, 0.8371067643165588, 0.5190699696540833, 0.559802770614624, 0.4737462103366852], [0.8684219717979431, 0.0, 0.43509793281555176, 0.453267365694046, 0.4208485186100006], [0.5040314197540283, 0.39941564202308655, 0.0, 0.3660290241241455, 0.43865251541137695], [0.6757168173789978, 0.5557236075401306, 0.44201961159706116, 0.0, 0.3311977684497833], [0.562199592590332, 0.45533064007759094, 0.48129788041114807, 0.3234858810901642, 0.0]], "F1_IDF": [[0.0, 0.8529560565948486, 0.512316882610321, 0.6177636384963989, 0.5183813571929932], [0.8529560565948486, 0.0, 0.4181239902973175, 0.5048015713691711, 0.43892771005630493], [0.512316882610321, 0.4181239902973175, 0.0, 0.4047020673751831, 0.4607495665550232], [0.6177636384963989, 0.5048015713691711, 0.4047020673751831, 0.0, 0.32840847969055176], [0.5183813571929932, 0.43892771005630493, 0.4607495665550232, 0.32840847969055176, 0.0]], "P_noscale": [[0.0, 0.9788786768913269, 0.9348738193511963, 0.9496896266937256, 0.9462131261825562], [0.9775567650794983, 0.0, 0.9249221086502075, 0.9349563121795654, 0.935030460357666], [0.9354289174079895, 0.9249001145362854, 0.0, 0.921776533126831, 0.9347540736198425], [0.9232513904571533, 0.9019652605056763, 0.9106228947639465, 0.0, 0.9063830971717834], [0.9321225881576538, 0.9226484298706055, 0.923775315284729, 0.9145914316177368, 0.0]], "R_noscale": [[0.0, 0.9775567650794983, 0.9354289174079895, 0.9232513904571533, 0.9321225881576538], [0.9788786768913269, 0.0, 0.9249001145362854, 0.9019652605056763, 0.9226484298706055], [0.9348738193511963, 0.9249221086502075, 0.0, 0.9106228947639465, 0.923775315284729], [0.9496896266937256, 0.9349563121795654, 0.921776533126831, 0.0, 0.9145914316177368], [0.9462131261825562, 0.935030460357666, 0.9347540736198425, 0.9063830971717834, 0.0]], "F1_noscale": [[0.0, 0.9782173037528992, 0.9351513385772705, 0.9362838864326477, 0.9391149878501892], [0.9782173037528992, 0.0, 0.9249110817909241, 0.9181645512580872, 0.9287981986999512], [0.9351513385772705, 0.9249110817909241, 0.0, 0.9161657691001892, 0.9292322993278503], [0.9362838864326477, 0.9181645512580872, 0.9161657691001892, 0.0, 0.9104686975479126], [0.9391149878501892, 0.9287981986999512, 0.9292322993278503, 0.9104686975479126, 0.0]], "Score": 0.5057131320238113}, "Machines": {"Oscar": {"Captions": "a man standing in a kitchen preparing food.", "Confidence": 0.5065828561782837, "P": [[0.0, 0.42325928807258606, 0.4783114790916443, 0.32605189085006714, 0.40963712334632874], [0.4440225660800934, 0.0, 0.4783114790916443, 0.32605189085006714, 0.40963712334632874], [0.4440225660800934, 0.42325928807258606, 0.0, 0.32605189085006714, 0.40963712334632874], [0.4440225660800934, 0.42325928807258606, 0.4783114790916443, 0.0, 0.40963712334632874], [0.4440225660800934, 0.42325928807258606, 0.4783114790916443, 0.32605189085006714, 0.0]], "R": [[0.0, 0.3565308153629303, 0.4251144230365753, 0.1195029467344284, 0.29760244488716125], [0.3512440621852875, 0.0, 0.4251144230365753, 0.1195029467344284, 0.29760244488716125], [0.3512440621852875, 0.3565308153629303, 0.0, 0.1195029467344284, 0.29760244488716125], [0.3512440621852875, 0.3565308153629303, 0.4251144230365753, 0.0, 0.29760244488716125], [0.3512440621852875, 0.3565308153629303, 0.4251144230365753, 0.1195029467344284, 0.0]], "F1": [[0.0, 0.3906759023666382, 0.4524718225002289, 0.22197042405605316, 0.35407525300979614], [0.39820706844329834, 0.0, 0.4524718225002289, 0.22197042405605316, 0.35407525300979614], [0.39820706844329834, 0.3906759023666382, 0.0, 0.22197042405605316, 0.35407525300979614], [0.39820706844329834, 0.3906759023666382, 0.4524718225002289, 0.0, 0.35407525300979614], [0.39820706844329834, 0.3906759023666382, 0.4524718225002289, 0.22197042405605316, 0.0]], "P_IDF": [[0.0, 0.28376367688179016, 0.32662636041641235, 0.1945672631263733, 0.23659548163414001], [0.2755998373031616, 0.0, 0.32662636041641235, 0.1945672631263733, 0.23659548163414001], [0.2755998373031616, 0.28376367688179016, 0.0, 0.1945672631263733, 0.23659548163414001], [0.2755998373031616, 0.28376367688179016, 0.32662636041641235, 0.0, 0.23659548163414001], [0.2755998373031616, 0.28376367688179016, 0.32662636041641235, 0.1945672631263733, 0.0]], "R_IDF": [[0.0, 0.1421048790216446, 0.17213217914104462, -0.006130750756710768, 0.09213635325431824], [0.14347803592681885, 0.0, 0.17213217914104462, -0.006130750756710768, 0.09213635325431824], [0.14347803592681885, 0.1421048790216446, 0.0, -0.006130750756710768, 0.09213635325431824], [0.14347803592681885, 0.1421048790216446, 0.17213217914104462, 0.0, 0.09213635325431824], [0.14347803592681885, 0.1421048790216446, 0.17213217914104462, -0.006130750756710768, 0.0]], "F1_IDF": [[0.0, 0.21323707699775696, 0.2494460642337799, 0.09368574619293213, 0.16469885408878326], [0.2099734991788864, 0.0, 0.2494460642337799, 0.09368574619293213, 0.16469885408878326], [0.2099734991788864, 0.21323707699775696, 0.0, 0.09368574619293213, 0.16469885408878326], [0.2099734991788864, 0.21323707699775696, 0.2494460642337799, 0.0, 0.16469885408878326], [0.2099734991788864, 0.21323707699775696, 0.2494460642337799, 0.09368574619293213, 0.0]], "P_noscale": [[0.0, 0.9028225541114807, 0.9120985269546509, 0.8864436745643616, 0.90052729845047], [0.9063210487365723, 0.0, 0.9120985269546509, 0.8864436745643616, 0.90052729845047], [0.9063210487365723, 0.9028225541114807, 0.0, 0.8864436745643616, 0.90052729845047], [0.9063210487365723, 0.9028225541114807, 0.9120985269546509, 0.0, 0.90052729845047], [0.9063210487365723, 0.9028225541114807, 0.9120985269546509, 0.8864436745643616, 0.0]], "R_noscale": [[0.0, 0.8915716409683228, 0.9031283855438232, 0.8516310453414917, 0.8816418647766113], [0.8906807899475098, 0.0, 0.9031283855438232, 0.8516310453414917, 0.8816418647766113], [0.8906807899475098, 0.8915716409683228, 0.0, 0.8516310453414917, 0.8816418647766113], [0.8906807899475098, 0.8915716409683228, 0.9031283855438232, 0.0, 0.8816418647766113], [0.8906807899475098, 0.8915716409683228, 0.9031283855438232, 0.8516310453414917, 0.0]], "F1_noscale": [[0.0, 0.8971617817878723, 0.9075913429260254, 0.8686886429786682, 0.8909845352172852], [0.8984328508377075, 0.0, 0.9075913429260254, 0.8686886429786682, 0.8909845352172852], [0.8984328508377075, 0.8971617817878723, 0.0, 0.8686886429786682, 0.8909845352172852], [0.8984328508377075, 0.8971617817878723, 0.9075913429260254, 0.0, 0.8909845352172852], [0.8984328508377075, 0.8971617817878723, 0.9075913429260254, 0.8686886429786682, 0.0]], "Score": 0.18620824813842773}}}}
{"img_fn": "Image281.jpeg", "metadata_fn": "Image281.json", "img_id": "val-280", "annot_id": "val-282", "question": ["What", "is", "the", "setting", "of", "this", "image", "?"], "answer_choices": [["A", "submarine", "."], ["A", "space", "shuttle", "."], ["A", "conference", "room", "."], ["A", "laboratory", "."]], "answer_label": 1, "CaptionExperiment": {"Humans": {"Captions": [" Two astronauts in the middle of anti-gravity training as well as another man who is not an astronaut. ", "Two astronauts and a man in regular clothing smiling in a spaceship. ", "Astronauts sitting around in a space station.", "A man is sitting in the space capsule with two astronauts.", " A group of astronauts smile for a picture while hanging out in a space station. "], "Confidence": [-1, -1, -1, 8, 8], "P": [[0.0, 0.369367390871048, 0.1510862112045288, 0.25377070903778076, 0.2164951115846634], [0.4116750657558441, 0.0, 0.2616433799266815, 0.32175666093826294, 0.32545793056488037], [0.33175185322761536, 0.49967721104621887, 0.0, 0.49830183386802673, 0.6357290744781494], [0.41080906987190247, 0.48813578486442566, 0.4884463846683502, 0.0, 0.534529983997345], [0.34105154871940613, 0.4709085524082184, 0.4997054934501648, 0.44361966848373413, 0.0]], "R": [[0.0, 0.4117160439491272, 0.33179840445518494, 0.4108501374721527, 0.34109747409820557], [0.36941131949424744, 0.0, 0.4997120797634125, 0.48817145824432373, 0.47094544768333435], [0.1511453539133072, 0.26169484853744507, 0.0, 0.4884820282459259, 0.4997403621673584], [0.2538227140903473, 0.3218039274215698, 0.4983367919921875, 0.0, 0.4436584413051605], [0.21654969453811646, 0.32550492882728577, 0.6357544660568237, 0.5345624089241028, 0.0]], "F1": [[0.0, 0.39144861698150635, 0.24110402166843414, 0.332229346036911, 0.27922749519348145], [0.39144861698150635, 0.0, 0.3790275454521179, 0.404640257358551, 0.3981918692588806], [0.24110402166843414, 0.3790275454521179, 0.0, 0.4942106306552887, 0.5675955414772034], [0.332229346036911, 0.404640257358551, 0.4942106306552887, 0.0, 0.48954251408576965], [0.27922749519348145, 0.3981918692588806, 0.5675955414772034, 0.48954251408576965, 0.0]], "P_IDF": [[0.0, 0.2857910096645355, 0.06271687150001526, 0.18102717399597168, 0.1558784395456314], [0.2715097963809967, 0.0, 0.10940855741500854, 0.23338237404823303, 0.23666587471961975], [0.2191772311925888, 0.3632294833660126, 0.0, 0.3892650604248047, 0.5220574736595154], [0.2723050117492676, 0.427921324968338, 0.39281174540519714, 0.0, 0.5034573674201965], [0.2170211225748062, 0.39634427428245544, 0.43204179406166077, 0.3877120912075043, 0.0]], "R_IDF": [[0.0, 0.27156054973602295, 0.21923163533210754, 0.27235573530197144, 0.21707569062709808], [0.285840779542923, 0.0, 0.36327385902404785, 0.42796120047569275, 0.39638635516166687], [0.0627821832895279, 0.10947061330080032, 0.0, 0.39285406470298767, 0.4320813715457916], [0.18108423054218292, 0.23343579471111298, 0.3893076181411743, 0.0, 0.38775476813316345], [0.15593726933002472, 0.2367190718650818, 0.5220907926559448, 0.5034919381141663, 0.0]], "F1_IDF": [[0.0, 0.279837429523468, 0.1411687284708023, 0.22754649817943573, 0.18761764466762543], [0.279837429523468, 0.0, 0.2344769388437271, 0.32996875047683716, 0.3164271116256714], [0.1411687284708023, 0.2344769388437271, 0.0, 0.3920486271381378, 0.47754383087158203], [0.22754649817943573, 0.32996875047683716, 0.3920486271381378, 0.0, 0.44588321447372437], [0.18761764466762543, 0.3164271116256714, 0.47754383087158203, 0.44588321447372437, 0.0]], "P_noscale": [[0.0, 0.8937420845031738, 0.8569629788398743, 0.8742647171020508, 0.8679839968681335], [0.900870680809021, 0.0, 0.8755912184715271, 0.8857199549674988, 0.8863435983657837], [0.8874040842056274, 0.9156985282897949, 0.0, 0.9154667854309082, 0.9386224746704102], [0.9007247686386108, 0.913753867149353, 0.9138062000274658, 0.0, 0.9215710163116455], [0.8889710307121277, 0.9108511805534363, 0.915703296661377, 0.9062531590461731, 0.0]], "R_noscale": [[0.0, 0.900870680809021, 0.8874040842056274, 0.9007247686386108, 0.8889710307121277], [0.8937420845031738, 0.0, 0.9156985282897949, 0.913753867149353, 0.9108511805534363], [0.8569629788398743, 0.8755912184715271, 0.0, 0.9138062000274658, 0.915703296661377], [0.8742647171020508, 0.8857199549674988, 0.9154667854309082, 0.0, 0.9062531590461731], [0.8679839968681335, 0.8863435983657837, 0.9386224746704102, 0.9215710163116455, 0.0]], "F1_noscale": [[0.0, 0.8972921967506409, 0.8719179034233093, 0.887297511100769, 0.878352165222168], [0.8972921967506409, 0.0, 0.8951958417892456, 0.899518609046936, 0.8984302878379822], [0.8719179034233093, 0.8951958417892456, 0.0, 0.9146357774734497, 0.9270212650299072], [0.887297511100769, 0.899518609046936, 0.9146357774734497, 0.0, 0.9138479232788086], [0.878352165222168, 0.8984302878379822, 0.9270212650299072, 0.9138479232788086, 0.0]], "Score": 0.30325187742710114}, "Machines": {"Oscar": {"Captions": "a boy in a red shirt and a girl in a red shirt are standing in front of", "Confidence": 0.5199432969093323, "P": [[0.0, 0.20435407757759094, -0.03358139470219612, 0.07836920022964478, 0.0088925426825881], [0.025853747501969337, 0.0, -0.03358139470219612, 0.07836920022964478, 0.0088925426825881], [0.025853747501969337, 0.20435407757759094, 0.0, 0.07836920022964478, 0.0088925426825881], [0.025853747501969337, 0.20435407757759094, -0.03358139470219612, 0.0, 0.0088925426825881], [0.025853747501969337, 0.20435407757759094, -0.03358139470219612, 0.07836920022964478, 0.0]], "R": [[0.0, 0.2898516356945038, 0.13958388566970825, 0.3345701992511749, 0.23464836180210114], [0.13964365422725677, 0.0, 0.13958388566970825, 0.3345701992511749, 0.23464836180210114], [0.13964365422725677, 0.2898516356945038, 0.0, 0.3345701992511749, 0.23464836180210114], [0.13964365422725677, 0.2898516356945038, 0.13958388566970825, 0.0, 0.23464836180210114], [0.13964365422725677, 0.2898516356945038, 0.13958388566970825, 0.3345701992511749, 0.0]], "F1": [[0.0, 0.24797619879245758, 0.053043514490127563, 0.2045782506465912, 0.12068674713373184], [0.0835973247885704, 0.0, 0.053043514490127563, 0.2045782506465912, 0.12068674713373184], [0.0835973247885704, 0.24797619879245758, 0.0, 0.2045782506465912, 0.12068674713373184], [0.0835973247885704, 0.24797619879245758, 0.053043514490127563, 0.0, 0.12068674713373184], [0.0835973247885704, 0.24797619879245758, 0.053043514490127563, 0.2045782506465912, 0.0]], "P_IDF": [[0.0, 0.026881033554673195, -0.22722679376602173, -0.09791313111782074, -0.20204587280750275], [-0.17682957649230957, 0.0, -0.22722679376602173, -0.09791313111782074, -0.20204587280750275], [-0.17682957649230957, 0.026881033554673195, 0.0, -0.09791313111782074, -0.20204587280750275], [-0.17682957649230957, 0.026881033554673195, -0.22722679376602173, 0.0, -0.20204587280750275], [-0.17682957649230957, 0.026881033554673195, -0.22722679376602173, -0.09791313111782074, 0.0]], "R_IDF": [[0.0, 0.033217549324035645, -0.11146137863397598, 0.03941550478339195, 0.025076935067772865], [0.011052471585571766, 0.0, -0.11146137863397598, 0.03941550478339195, 0.025076935067772865], [0.011052471585571766, 0.033217549324035645, 0.0, 0.03941550478339195, 0.025076935067772865], [0.011052471585571766, 0.033217549324035645, -0.11146137863397598, 0.0, 0.025076935067772865], [0.011052471585571766, 0.033217549324035645, -0.11146137863397598, 0.03941550478339195, 0.0]], "F1_IDF": [[0.0, 0.031623534858226776, -0.16814324259757996, -0.028532661497592926, -0.08936692774295807], [-0.08294044435024261, 0.0, -0.16814324259757996, -0.028532661497592926, -0.08936692774295807], [-0.08294044435024261, 0.031623534858226776, 0.0, -0.028532661497592926, -0.08936692774295807], [-0.08294044435024261, 0.031623534858226776, -0.16814324259757996, 0.0, -0.08936692774295807], [-0.08294044435024261, 0.031623534858226776, -0.16814324259757996, -0.028532661497592926, 0.0]], "P_noscale": [[0.0, 0.8659383058547974, 0.8258475661277771, 0.8447105884552002, 0.8330041766166687], [0.8358620405197144, 0.0, 0.8258475661277771, 0.8447105884552002, 0.8330041766166687], [0.8358620405197144, 0.8659383058547974, 0.0, 0.8447105884552002, 0.8330041766166687], [0.8358620405197144, 0.8659383058547974, 0.8258475661277771, 0.0, 0.8330041766166687], [0.8358620405197144, 0.8659383058547974, 0.8258475661277771, 0.8447105884552002, 0.0]], "R_noscale": [[0.0, 0.880335807800293, 0.8550148010253906, 0.8878711462020874, 0.8710337281227112], [0.8550248742103577, 0.0, 0.8550148010253906, 0.8878711462020874, 0.8710337281227112], [0.8550248742103577, 0.880335807800293, 0.0, 0.8878711462020874, 0.8710337281227112], [0.8550248742103577, 0.880335807800293, 0.8550148010253906, 0.0, 0.8710337281227112], [0.8550248742103577, 0.880335807800293, 0.8550148010253906, 0.8878711462020874, 0.0]], "F1_noscale": [[0.0, 0.8730777502059937, 0.8401781320571899, 0.8657532930374146, 0.8515945672988892], [0.8453348278999329, 0.0, 0.8401781320571899, 0.8657532930374146, 0.8515945672988892], [0.8453348278999329, 0.8730777502059937, 0.0, 0.8657532930374146, 0.8515945672988892], [0.8453348278999329, 0.8730777502059937, 0.8401781320571899, 0.0, 0.8515945672988892], [0.8453348278999329, 0.8730777502059937, 0.8401781320571899, 0.8657532930374146, 0.0]], "Score": -0.06747194826602936}}}}
{"img_fn": "Image559.jpeg", "metadata_fn": "Image559.json", "img_id": "val-558", "annot_id": "val-561", "question": ["Why", "are", "these", "people", "together", "?"], "answer_label": 0, "answer_choices": [["They", "are", "dancing", "."], ["They", "are", "cooking", "."], ["They", "are", "doing", "carpentry", "."], ["They", "are", "in", "a", "bus", "."]], "CaptionExperiment": {"Humans": {"Captions": [" A ballroom dance with girls in white dresses and boys in black tuxedos. ", "Pairs of men and women dressed in suits and fancy white gowns ballroom dancing on a dance floor. ", "Brides and grooms dancing in a ballroom.", "Couples are dancing in a ballroom during a wedding party. ", " People are ballroom dancing from a bird’s-eye view. "], "Confidence": [-1, -1, 7, 4, 10], "P": [[0.0, 0.3978307545185089, 0.22438371181488037, 0.1634366363286972, 0.14052855968475342], [0.32110080122947693, 0.0, 0.2671155333518982, 0.1940125823020935, 0.09000011533498764], [0.33149856328964233, 0.41182079911231995, 0.0, 0.4695243537425995, 0.20230871438980103], [0.3702772259712219, 0.46569183468818665, 0.6232056617736816, 0.0, 0.33154985308647156], [0.21433475613594055, 0.19454674422740936, 0.2068122923374176, 0.17018193006515503, 0.0]], "R": [[0.0, 0.3211481273174286, 0.3315451443195343, 0.370321124792099, 0.21438950300216675], [0.3978727161884308, 0.0, 0.4118618071079254, 0.4657290577888489, 0.1946028769016266], [0.22443775832653046, 0.2671665847301483, 0.0, 0.6232318878173828, 0.20686756074428558], [0.16349494457244873, 0.19406874477863312, 0.46956130862236023, 0.0, 0.17023976147174835], [0.14058846235275269, 0.09006352722644806, 0.20236429572105408, 0.3315964341163635, 0.0]], "F1": [[0.0, 0.36025097966194153, 0.2785904109477997, 0.26602065563201904, 0.17853114008903503], [0.36025097966194153, 0.0, 0.3395737111568451, 0.3274652063846588, 0.14315949380397797], [0.2785904109477997, 0.3395737111568451, 0.0, 0.5460424423217773, 0.2058793008327484], [0.26602065563201904, 0.3274652063846588, 0.5460424423217773, 0.0, 0.2508558928966522], [0.17853114008903503, 0.14315949380397797, 0.2058793008327484, 0.2508558928966522, 0.0]], "P_IDF": [[0.0, 0.32173508405685425, 0.09712143987417221, 0.057542584836483, 0.04796801134943962], [0.1820608228445053, 0.0, 0.1019805371761322, 0.07698286324739456, -0.04377679526805878], [0.1440144032239914, 0.196809321641922, 0.0, 0.34065356850624084, -0.007876928895711899], [0.15284539759159088, 0.2623278796672821, 0.4708098769187927, 0.0, 0.11000426858663559], [0.1157442033290863, 0.10863738507032394, 0.10087329894304276, 0.06776592880487442, 0.0]], "R_IDF": [[0.0, 0.18211781978607178, 0.14407405257225037, 0.1529044359922409, 0.11580581963062286], [0.32178235054016113, 0.0, 0.19686564803123474, 0.2623792886734009, 0.1086995005607605], [0.09718435257673264, 0.10204311460256577, 0.0, 0.4708467423915863, 0.10093595832586288], [0.05760825797915459, 0.07704753428697586, 0.34069952368736267, 0.0, 0.067830890417099], [0.04803435504436493, -0.04370405897498131, -0.007806696929037571, 0.11006628721952438, 0.0]], "F1_IDF": [[0.0, 0.252200722694397, 0.1219189241528511, 0.10622899979352951, 0.08315128087997437], [0.252200722694397, 0.0, 0.15036541223526, 0.16935352981090546, 0.03286878392100334], [0.1219189241528511, 0.15036506950855255, 0.0, 0.4059261381626129, 0.04748792201280594], [0.10622899979352951, 0.16935387253761292, 0.4059261381626129, 0.0, 0.09030845761299133], [0.08315128087997437, 0.03286878392100334, 0.04748792201280594, 0.09030845761299133, 0.0]], "P_noscale": [[0.0, 0.8985379934310913, 0.8693131804466248, 0.8590439558029175, 0.8551840782165527], [0.8856094479560852, 0.0, 0.8765132427215576, 0.8641958236694336, 0.8466703295707703], [0.8873614072799683, 0.9008952379226685, 0.0, 0.9106179475784302, 0.865593671798706], [0.8938953876495361, 0.9099721908569336, 0.9365123510360718, 0.0, 0.8873700499534607], [0.8676199913024902, 0.8642858266830444, 0.8663524985313416, 0.8601804971694946, 0.0]], "R_noscale": [[0.0, 0.8856094479560852, 0.8873614072799683, 0.8938953876495361, 0.8676199913024902], [0.8985379934310913, 0.0, 0.9008952379226685, 0.9099721908569336, 0.8642858266830444], [0.8693131804466248, 0.8765132427215576, 0.0, 0.9365123510360718, 0.8663524985313416], [0.8590439558029175, 0.8641958236694336, 0.9106179475784302, 0.0, 0.8601804971694946], [0.8551840782165527, 0.8466703295707703, 0.865593671798706, 0.8873700499534607, 0.0]], "F1_noscale": [[0.0, 0.8920268416404724, 0.8782446384429932, 0.8761231899261475, 0.8613572120666504], [0.8920268416404724, 0.0, 0.8885370492935181, 0.886493444442749, 0.8553873896598816], [0.8782446384429932, 0.8885370492935181, 0.0, 0.9233836531639099, 0.8659728765487671], [0.8761231899261475, 0.886493444442749, 0.9233836531639099, 0.0, 0.8735637664794922], [0.8613572120666504, 0.8553873896598816, 0.8659728765487671, 0.8735637664794922, 0.0]], "Score": 0.1459810171276331}, "Machines": {"Oscar": {"Captions": "a bunch of stuffed animals hanging on a wall.", "Confidence": 0.6385297179222107, "P": [[0.0, 0.2891746163368225, 0.2594151198863983, 0.23259174823760986, 0.13675476610660553], [0.16939447820186615, 0.0, 0.2594151198863983, 0.23259174823760986, 0.13675476610660553], [0.16939447820186615, 0.2891746163368225, 0.0, 0.23259174823760986, 0.13675476610660553], [0.16939447820186615, 0.2891746163368225, 0.2594151198863983, 0.0, 0.13675476610660553], [0.16939447820186615, 0.2891746163368225, 0.2594151198863983, 0.23259174823760986, 0.0]], "R": [[0.0, 0.07585158944129944, 0.13194555044174194, 0.26662328839302063, 0.10123520344495773], [0.04675811529159546, 0.0, 0.13194555044174194, 0.26662328839302063, 0.10123520344495773], [0.04675811529159546, 0.07585158944129944, 0.0, 0.26662328839302063, 0.10123520344495773], [0.04675811529159546, 0.07585158944129944, 0.13194555044174194, 0.0, 0.10123520344495773], [0.04675811529159546, 0.07585158944129944, 0.13194555044174194, 0.26662328839302063, 0.0]], "F1": [[0.0, 0.18161672353744507, 0.19619382917881012, 0.2507718503475189, 0.120363250374794], [0.10877812653779984, 0.0, 0.19619382917881012, 0.2507718503475189, 0.120363250374794], [0.10877812653779984, 0.18161672353744507, 0.0, 0.2507718503475189, 0.120363250374794], [0.10877812653779984, 0.18161672353744507, 0.19619382917881012, 0.0, 0.120363250374794], [0.10877812653779984, 0.18161672353744507, 0.19619382917881012, 0.2507718503475189, 0.0]], "P_IDF": [[0.0, 0.02629699371755123, 0.008482547476887703, 0.020367098972201347, -0.12484262883663177], [-0.10391730815172195, 0.0, 0.008482547476887703, 0.020367098972201347, -0.12484262883663177], [-0.10391730815172195, 0.02629699371755123, 0.0, 0.020367098972201347, -0.12484262883663177], [-0.10391730815172195, 0.02629699371755123, 0.008482547476887703, 0.0, -0.12484262883663177], [-0.10391730815172195, 0.02629699371755123, 0.008482547476887703, 0.020367098972201347, 0.0]], "R_IDF": [[0.0, -0.1350710690021515, -0.13915587961673737, 0.004691800102591515, -0.028970733284950256], [-0.1375032663345337, 0.0, -0.13915587961673737, 0.004691800102591515, -0.028970733284950256], [-0.1375032663345337, -0.1350710690021515, 0.0, 0.004691800102591515, -0.028970733284950256], [-0.1375032663345337, -0.1350710690021515, -0.13915587961673737, 0.0, -0.028970733284950256], [-0.1375032663345337, -0.1350710690021515, -0.13915587961673737, 0.004691800102591515, 0.0]], "F1_IDF": [[0.0, -0.05400941148400307, -0.064726822078228, 0.014121181331574917, -0.07562681287527084], [-0.11894883215427399, 0.0, -0.064726822078228, 0.014121181331574917, -0.07562681287527084], [-0.11894883215427399, -0.05400941148400307, 0.0, 0.014121181331574917, -0.07562681287527084], [-0.11894883215427399, -0.05400941148400307, -0.064726822078228, 0.0, -0.07562681287527084], [-0.11894883215427399, -0.05400941148400307, -0.064726822078228, 0.014121181331574917, 0.0]], "P_noscale": [[0.0, 0.8802300691604614, 0.8752157688140869, 0.8706961870193481, 0.8545482158660889], [0.8600478172302246, 0.0, 0.8752157688140869, 0.8706961870193481, 0.8545482158660889], [0.8600478172302246, 0.8802300691604614, 0.0, 0.8706961870193481, 0.8545482158660889], [0.8600478172302246, 0.8802300691604614, 0.8752157688140869, 0.0, 0.8545482158660889], [0.8600478172302246, 0.8802300691604614, 0.8752157688140869, 0.8706961870193481, 0.0]], "R_noscale": [[0.0, 0.8442755341529846, 0.8537276983261108, 0.8764216899871826, 0.8485528230667114], [0.8393731117248535, 0.0, 0.8537276983261108, 0.8764216899871826, 0.8485528230667114], [0.8393731117248535, 0.8442755341529846, 0.0, 0.8764216899871826, 0.8485528230667114], [0.8393731117248535, 0.8442755341529846, 0.8537276983261108, 0.0, 0.8485528230667114], [0.8393731117248535, 0.8442755341529846, 0.8537276983261108, 0.8764216899871826, 0.0]], "F1_noscale": [[0.0, 0.861877977848053, 0.864338219165802, 0.8735495805740356, 0.8515399694442749], [0.849584698677063, 0.0, 0.864338219165802, 0.8735495805740356, 0.8515399694442749], [0.849584698677063, 0.861877977848053, 0.0, 0.8735495805740356, 0.8515399694442749], [0.849584698677063, 0.861877977848053, 0.864338219165802, 0.0, 0.8515399694442749], [0.849584698677063, 0.861877977848053, 0.864338219165802, 0.8735495805740356, 0.0]], "Score": -0.059838139452040195}}}}
{"img_fn": "Image484.jpeg", "metadata_fn": "Image484.json", "img_id": "val-483", "annot_id": "val-485", "question": ["What", "does", "this", "timer", "appear", "to", "be", "for", "?"], "answer_label": 0, "answer_choices": [["A", "bomb", "."], ["An", "egg", "timer", "."], ["An", "alarm", "clock", "."], ["It", "is", "a", "cell", "phone", "."]], "CaptionExperiment": {"Humans": {"Captions": [" A time bomb with red and yellow wires has 56 seconds remaining. ", "A timer is at 56 seconds and it has a lot of wires around it. ", "A timed bomb ticking.", "A bomb that has only 56 seconds left before it explodes", " A bomb is set to go off in 56 seconds. "], "Confidence": [10, 7, 10, 5, 8], "P": [[0.0, 0.36736905574798584, 0.14326481521129608, 0.38016805052757263, 0.2630474269390106], [0.42593079805374146, 0.0, 0.1754506677389145, 0.34812793135643005, 0.3708913326263428], [0.5599769353866577, 0.36956584453582764, 0.0, 0.4548536539077759, 0.41253891587257385], [0.42745864391326904, 0.25831708312034607, 0.05334004387259483, 0.0, 0.4370625615119934], [0.43984514474868774, 0.42373543977737427, 0.20298366248607635, 0.5479894280433655, 0.0]], "R": [[0.0, 0.42597079277038574, 0.5600075721740723, 0.4274985194206238, 0.4398841857910156], [0.36741313338279724, 0.0, 0.3696097731590271, 0.25836876034736633, 0.4237755835056305], [0.14332450926303864, 0.17550812661647797, 0.0, 0.0534060113132, 0.20303919911384583], [0.3802112340927124, 0.3481733798980713, 0.4548916518688202, 0.0, 0.5480208992958069], [0.2630987763404846, 0.3709351718425751, 0.41257986426353455, 0.4371017813682556, 0.0]], "F1": [[0.0, 0.3974905014038086, 0.34449854493141174, 0.4046981930732727, 0.35104653239250183], [0.3974905014038086, 0.0, 0.27190962433815, 0.3039940595626831, 0.3981826901435852], [0.34449854493141174, 0.27190962433815, 0.0, 0.24758030474185944, 0.306819349527359], [0.4046981930732727, 0.3039940595626831, 0.24758030474185944, 0.0, 0.49280256032943726], [0.35104653239250183, 0.3981826901435852, 0.306819349527359, 0.49280256032943726, 0.0]], "P_IDF": [[0.0, 0.31538140773773193, 0.04081166908144951, 0.3992340564727783, 0.2166256308555603], [0.37690576910972595, 0.0, -0.003965172916650772, 0.26679715514183044, 0.240777850151062], [0.35999587178230286, 0.12222063541412354, 0.0, 0.1908734142780304, 0.15736843645572662], [0.4295737147331238, 0.22981233894824982, -0.024398423731327057, 0.0, 0.4449819326400757], [0.39182230830192566, 0.3299141228199005, 0.02410799451172352, 0.5535545945167542, 0.0]], "R_IDF": [[0.0, 0.3769491910934448, 0.36004045605659485, 0.4296134412288666, 0.39186468720436096], [0.31542909145355225, 0.0, 0.12228180468082428, 0.22986601293087006, 0.32996079325675964], [0.04087850823998451, -0.0038952126633375883, 0.0, -0.02432703971862793, 0.02417599968612194], [0.39927592873573303, 0.26684823632240295, 0.19092980027198792, 0.0, 0.5535857081413269], [0.21668022871017456, 0.24083076417446136, 0.15742714703083038, 0.4450206160545349, 0.0]], "F1_IDF": [[0.0, 0.34704944491386414, 0.1967790275812149, 0.4153325855731964, 0.30391669273376465], [0.34704944491386414, 0.0, 0.059893444180488586, 0.24948632717132568, 0.28615230321884155], [0.1967790275812149, 0.059893444180488586, 0.0, 0.0824541375041008, 0.09136512130498886], [0.4153325855731964, 0.24948632717132568, 0.0824541375041008, 0.0, 0.49955785274505615], [0.30391669273376465, 0.28615230321884155, 0.09136512130498886, 0.49955785274505615, 0.0]], "P_noscale": [[0.0, 0.8934053778648376, 0.8556451201438904, 0.895561933517456, 0.8758277893066406], [0.9032726883888245, 0.0, 0.8610682487487793, 0.8901633620262146, 0.8939988613128662], [0.9258586764335632, 0.8937755227088928, 0.0, 0.9081460237503052, 0.9010162353515625], [0.9035301208496094, 0.8750307559967041, 0.8404933214187622, 0.0, 0.9051483273506165], [0.9056171774864197, 0.9029027819633484, 0.8657073974609375, 0.9238388538360596, 0.0]], "R_noscale": [[0.0, 0.9032726883888245, 0.9258586764335632, 0.9035301208496094, 0.9056171774864197], [0.8934053778648376, 0.0, 0.8937755227088928, 0.8750307559967041, 0.9029027819633484], [0.8556451201438904, 0.8610682487487793, 0.0, 0.8404933214187622, 0.8657073974609375], [0.895561933517456, 0.8901633620262146, 0.9081460237503052, 0.0, 0.9238388538360596], [0.8758277893066406, 0.8939988613128662, 0.9010162353515625, 0.9051483273506165, 0.0]], "F1_noscale": [[0.0, 0.8983119130134583, 0.8893682360649109, 0.8995283842086792, 0.8904733657836914], [0.8983119130134583, 0.0, 0.8771170973777771, 0.8825321197509766, 0.898428738117218], [0.8893682360649109, 0.8771170973777771, 0.0, 0.8730109333992004, 0.8830089569091797], [0.8995283842086792, 0.8825321197509766, 0.8730109333992004, 0.0, 0.9143981337547302], [0.8904733657836914, 0.898428738117218, 0.8830089569091797, 0.9143981337547302, 0.0]], "Score": 0.25319869369268416}, "Machines": {"Oscar": {"Captions": "a close up of a cell phone on a table", "Confidence": 0.439805805683136, "P": [[0.0, 0.17594096064567566, 0.16258905827999115, 0.13011489808559418, 0.12111694365739822], [0.12060683220624924, 0.0, 0.16258905827999115, 0.13011489808559418, 0.12111694365739822], [0.12060683220624924, 0.17594096064567566, 0.0, 0.13011489808559418, 0.12111694365739822], [0.12060683220624924, 0.17594096064567566, 0.16258905827999115, 0.0, 0.12111694365739822], [0.12060683220624924, 0.17594096064567566, 0.16258905827999115, 0.13011489808559418, 0.0]], "R": [[0.0, 0.18374459445476532, 0.3312232494354248, 0.024017883464694023, 0.1341768503189087], [0.07371332496404648, 0.0, 0.3312232494354248, 0.024017883464694023, 0.1341768503189087], [0.07371332496404648, 0.18374459445476532, 0.0, 0.024017883464694023, 0.1341768503189087], [0.07371332496404648, 0.18374459445476532, 0.3312232494354248, 0.0, 0.1341768503189087], [0.07371332496404648, 0.18374459445476532, 0.3312232494354248, 0.024017883464694023, 0.0]], "F1": [[0.0, 0.1811724454164505, 0.24676379561424255, 0.07800288498401642, 0.12905633449554443], [0.09851665049791336, 0.0, 0.24676379561424255, 0.07800288498401642, 0.12905633449554443], [0.09851665049791336, 0.1811724454164505, 0.0, 0.07800288498401642, 0.12905633449554443], [0.09851665049791336, 0.1811724454164505, 0.24676379561424255, 0.0, 0.12905633449554443], [0.09851665049791336, 0.1811724454164505, 0.24676379561424255, 0.07800288498401642, 0.0]], "P_IDF": [[0.0, 0.010472739115357399, -0.05805976316332817, -0.03315017372369766, -0.05084823817014694], [-0.09338655322790146, 0.0, -0.05805976316332817, -0.03315017372369766, -0.05084823817014694], [-0.09338655322790146, 0.010472739115357399, 0.0, -0.03315017372369766, -0.05084823817014694], [-0.09338655322790146, 0.010472739115357399, -0.05805976316332817, 0.0, -0.05084823817014694], [-0.09338655322790146, 0.010472739115357399, -0.05805976316332817, -0.03315017372369766, 0.0]], "R_IDF": [[0.0, -0.0197367575019598, 0.010164269246160984, -0.05729521065950394, -0.0609092116355896], [-0.06862040609121323, 0.0, 0.010164269246160984, -0.05729521065950394, -0.0609092116355896], [-0.06862040609121323, -0.0197367575019598, 0.0, -0.05729521065950394, -0.0609092116355896], [-0.06862040609121323, -0.0197367575019598, 0.010164269246160984, 0.0, -0.0609092116355896], [-0.06862040609121323, -0.0197367575019598, 0.010164269246160984, -0.05729521065950394, 0.0]], "F1_IDF": [[0.0, -0.003046375000849366, -0.022518666461110115, -0.04355476051568985, -0.054168689996004105], [-0.07927779853343964, 0.0, -0.022518666461110115, -0.04355476051568985, -0.054168689996004105], [-0.07927779853343964, -0.003046375000849366, 0.0, -0.04355476051568985, -0.054168689996004105], [-0.07927779853343964, -0.003046375000849366, -0.022518666461110115, 0.0, -0.054168689996004105], [-0.07927779853343964, -0.003046375000849366, -0.022518666461110115, -0.04355476051568985, 0.0]], "P_noscale": [[0.0, 0.861150860786438, 0.8589011430740356, 0.8534294366836548, 0.851913332939148], [0.8518273830413818, 0.0, 0.8589011430740356, 0.8534294366836548, 0.851913332939148], [0.8518273830413818, 0.861150860786438, 0.0, 0.8534294366836548, 0.851913332939148], [0.8518273830413818, 0.861150860786438, 0.8589011430740356, 0.0, 0.851913332939148], [0.8518273830413818, 0.861150860786438, 0.8589011430740356, 0.8534294366836548, 0.0]], "R_noscale": [[0.0, 0.8624561429023743, 0.8873071670532227, 0.8355412483215332, 0.854103684425354], [0.8439152240753174, 0.0, 0.8873071670532227, 0.8355412483215332, 0.854103684425354], [0.8439152240753174, 0.8624561429023743, 0.0, 0.8355412483215332, 0.854103684425354], [0.8439152240753174, 0.8624561429023743, 0.8873071670532227, 0.0, 0.854103684425354], [0.8439152240753174, 0.8624561429023743, 0.8873071670532227, 0.8355412483215332, 0.0]], "F1_noscale": [[0.0, 0.8618029952049255, 0.8728731274604797, 0.8443906307220459, 0.8530071377754211], [0.8478528261184692, 0.0, 0.8728731274604797, 0.8443906307220459, 0.8530071377754211], [0.8478528261184692, 0.8618029952049255, 0.0, 0.8443906307220459, 0.8530071377754211], [0.8478528261184692, 0.8618029952049255, 0.8728731274604797, 0.0, 0.8530071377754211], [0.8478528261184692, 0.8618029952049255, 0.8728731274604797, 0.8443906307220459, 0.0]], "Score": -0.04051325810141861}}}}
