{"img_fn": "Image1072.jpeg", "metadata_fn": "Image1072.json", "img_id": "val-1071", "annot_id": "val-1075", "question": ["Why", "is", "the", "man", "standing", "up", "?"], "answer_label": 0, "answer_choices": [["He", "is", "making", "statements", "by", "reading", "a", "letter", "."], ["He", "is", "a", "TV", "host", "and", "is", "interviewing", "someone", "behind", "him", "."], ["He", "wants", "to", "ask", "a", "question", "that", "just", "pops", "in", "his", "head", "."], ["He", "wants", "to", "give", "a", "dance", "performance", "."]], "CaptionExperiment": {"Humans": {"Captions": [" A man is reading a statement in front of a full courtroom. ", "A man reading a document in a courtroom. ", "A witness testifying in a courtroom.", "A defendant reading something provided by his lawyer, and it is hard and serious.", " A man is reading a document in a courtroom. "], "Confidence": [-1, -1, 7, 6, -1], "P": [[0.0, 0.5306896567344666, 0.3769623637199402, 0.3339507579803467, 0.5780432224273682], [0.6490908861160278, 0.0, 0.5618574619293213, 0.3906729817390442, 0.9053342938423157], [0.5222159624099731, 0.5965502858161926, 0.0, 0.3972357213497162, 0.5355169177055359], [0.20765420794487, 0.23932358622550964, 0.15604151785373688, 0.0, 0.23875370621681213], [0.6932783722877502, 0.8845405578613281, 0.4967304766178131, 0.3697918951511383, 0.0]], "R": [[0.0, 0.6491153240203857, 0.5222492814064026, 0.2077094167470932, 0.6932997703552246], [0.5307223796844482, 0.0, 0.5965784192085266, 0.23937658965587616, 0.8845486044883728], [0.37700578570365906, 0.5618879795074463, 0.0, 0.156100332736969, 0.4967655539512634], [0.3339971601963043, 0.39071545004844666, 0.39727774262428284, 0.0, 0.3698357939720154], [0.5780726075172424, 0.9053409099578857, 0.5355492830276489, 0.23880673944950104, 0.0]], "F1": [[0.0, 0.5899376273155212, 0.4495246708393097, 0.2712478041648865, 0.6356707215309143], [0.5899376273155212, 0.0, 0.5798478126525879, 0.31504589319229126, 0.8950932621955872], [0.4495246708393097, 0.5798478126525879, 0.0, 0.2750535011291504, 0.5168578624725342], [0.2712478041648865, 0.31504589319229126, 0.2750535011291504, 0.0, 0.30460959672927856], [0.6356707215309143, 0.8950932621955872, 0.5168578624725342, 0.30460959672927856, 0.0]], "P_IDF": [[0.0, 0.38442718982696533, 0.21557924151420593, 0.17923720180988312, 0.43748706579208374], [0.5334120988845825, 0.0, 0.38611775636672974, 0.3040773570537567, 0.9452615976333618], [0.2807564437389374, 0.32457709312438965, 0.0, 0.20053501427173615, 0.3105509579181671], [0.05655597895383835, 0.08780545741319656, -0.0037210858426988125, 0.0, 0.09570573270320892], [0.5682903528213501, 0.9235866665840149, 0.33274269104003906, 0.2689076066017151, 0.0]], "R_IDF": [[0.0, 0.5334446430206299, 0.2808065712451935, 0.056621719151735306, 0.5683204531669617], [0.3844700753688812, 0.0, 0.3246241807937622, 0.08786902576684952, 0.9235919713973999], [0.21563391387462616, 0.3861605226993561, 0.0, -0.003651142818853259, 0.33278918266296387], [0.1792943924665451, 0.3041258454322815, 0.20059071481227875, 0.0, 0.26895856857299805], [0.43752625584602356, 0.9452654123306274, 0.3105989992618561, 0.0957687497138977, 0.0]], "F1_IDF": [[0.0, 0.4587906002998352, 0.24921086430549622, 0.1186172142624855, 0.5029284358024597], [0.4587906002998352, 0.0, 0.35623836517333984, 0.19500085711479187, 0.9345127940177917], [0.24921086430549622, 0.35623836517333984, 0.0, 0.09783434122800827, 0.32274943590164185], [0.1186172142624855, 0.19500085711479187, 0.09783434122800827, 0.0, 0.18220049142837524], [0.5029284358024597, 0.9345127940177917, 0.32274943590164185, 0.18220049142837524, 0.0]], "P_noscale": [[0.0, 0.9209239482879639, 0.8950217962265015, 0.8877745866775513, 0.9289027452468872], [0.9408738613128662, 0.0, 0.9261755347251892, 0.897331953048706, 0.984049379825592], [0.9194961786270142, 0.9320210814476013, 0.0, 0.8984377384185791, 0.9217373132705688], [0.866494357585907, 0.8718304634094238, 0.8577979207038879, 0.0, 0.8717344403266907], [0.9483191967010498, 0.9805457592010498, 0.9152020215988159, 0.8938136100769043, 0.0]], "R_noscale": [[0.0, 0.9408738613128662, 0.9194961786270142, 0.866494357585907, 0.9483191967010498], [0.9209239482879639, 0.0, 0.9320210814476013, 0.8718304634094238, 0.9805457592010498], [0.8950217962265015, 0.9261755347251892, 0.0, 0.8577979207038879, 0.9152020215988159], [0.8877745866775513, 0.897331953048706, 0.8984377384185791, 0.0, 0.8938136100769043], [0.9289027452468872, 0.984049379825592, 0.9217373132705688, 0.8717344403266907, 0.0]], "F1_noscale": [[0.0, 0.9307920336723328, 0.9070939421653748, 0.877005398273468, 0.9385105967521667], [0.9307920336723328, 0.0, 0.9290891289710999, 0.8843973875045776, 0.9822944402694702], [0.9070939421653748, 0.9290891289710999, 0.0, 0.8776476979255676, 0.9184580445289612], [0.877005398273468, 0.8843973875045776, 0.8776476979255676, 0.0, 0.8826360106468201], [0.9385105967521667, 0.9822944402694702, 0.9184580445289612, 0.8826360106468201, 0.0]], "Score": 0.3418083399534225}, "Machines": {"Oscar": {"Captions": "a man in a suit and tie holding a piece of paper.", "Confidence": 0.6464508175849915, "P": [[0.0, 0.443604439496994, 0.24239660799503326, 0.3023514151573181, 0.4007979929447174], [0.33070898056030273, 0.0, 0.24239660799503326, 0.3023514151573181, 0.4007979929447174], [0.33070898056030273, 0.443604439496994, 0.0, 0.3023514151573181, 0.4007979929447174], [0.33070898056030273, 0.443604439496994, 0.24239660799503326, 0.0, 0.4007979929447174], [0.33070898056030273, 0.443604439496994, 0.24239660799503326, 0.3023514151573181, 0.0]], "R": [[0.0, 0.49038931727409363, 0.3089580833911896, 0.16052895784378052, 0.4313088655471802], [0.3365340530872345, 0.0, 0.3089580833911896, 0.16052895784378052, 0.4313088655471802], [0.3365340530872345, 0.49038931727409363, 0.0, 0.16052895784378052, 0.4313088655471802], [0.3365340530872345, 0.49038931727409363, 0.3089580833911896, 0.0, 0.4313088655471802], [0.3365340530872345, 0.49038931727409363, 0.3089580833911896, 0.16052895784378052, 0.0]], "F1": [[0.0, 0.46776267886161804, 0.27664342522621155, 0.23171380162239075, 0.4169592559337616], [0.33470290899276733, 0.0, 0.27664342522621155, 0.23171380162239075, 0.4169592559337616], [0.33470290899276733, 0.46776267886161804, 0.0, 0.23171380162239075, 0.4169592559337616], [0.33470290899276733, 0.46776267886161804, 0.27664342522621155, 0.0, 0.4169592559337616], [0.33470290899276733, 0.46776267886161804, 0.27664342522621155, 0.23171380162239075, 0.0]], "P_IDF": [[0.0, 0.20489320158958435, -0.10257341712713242, 0.004485183861106634, 0.17598411440849304], [0.01410114299505949, 0.0, -0.10257341712713242, 0.004485183861106634, 0.17598411440849304], [0.01410114299505949, 0.20489320158958435, 0.0, 0.004485183861106634, 0.17598411440849304], [0.01410114299505949, 0.20489320158958435, -0.10257341712713242, 0.0, 0.17598411440849304], [0.01410114299505949, 0.20489320158958435, -0.10257341712713242, 0.004485183861106634, 0.0]], "R_IDF": [[0.0, 0.3999844491481781, 0.015244104899466038, -0.013304281048476696, 0.3474790155887604], [0.10861283540725708, 0.0, 0.015244104899466038, -0.013304281048476696, 0.3474790155887604], [0.10861283540725708, 0.3999844491481781, 0.0, -0.013304281048476696, 0.3474790155887604], [0.10861283540725708, 0.3999844491481781, 0.015244104899466038, 0.0, 0.3474790155887604], [0.10861283540725708, 0.3999844491481781, 0.015244104899466038, -0.013304281048476696, 0.0]], "F1_IDF": [[0.0, 0.3017624318599701, -0.04267432540655136, -0.0027938643470406532, 0.26152244210243225], [0.06243832781910896, 0.0, -0.04267432540655136, -0.0027938643470406532, 0.26152244210243225], [0.06243832781910896, 0.3017624318599701, 0.0, -0.0027938643470406532, 0.26152244210243225], [0.06243832781910896, 0.3017624318599701, -0.04267432540655136, 0.0, 0.26152244210243225], [0.06243832781910896, 0.3017624318599701, -0.04267432540655136, -0.0027938643470406532, 0.0]], "P_noscale": [[0.0, 0.9062505960464478, 0.8723482489585876, 0.8824502825737, 0.8990379571914673], [0.8872283697128296, 0.0, 0.8723482489585876, 0.8824502825737, 0.8990379571914673], [0.8872283697128296, 0.9062505960464478, 0.0, 0.8824502825737, 0.8990379571914673], [0.8872283697128296, 0.9062505960464478, 0.8723482489585876, 0.0, 0.8990379571914673], [0.8872283697128296, 0.9062505960464478, 0.8723482489585876, 0.8824502825737, 0.0]], "R_noscale": [[0.0, 0.9141275882720947, 0.8835553526878357, 0.8585441708564758, 0.9041721820831299], [0.8882020711898804, 0.0, 0.8835553526878357, 0.8585441708564758, 0.9041721820831299], [0.8882020711898804, 0.9141275882720947, 0.0, 0.8585441708564758, 0.9041721820831299], [0.8882020711898804, 0.9141275882720947, 0.8835553526878357, 0.0, 0.9041721820831299], [0.8882020711898804, 0.9141275882720947, 0.8835553526878357, 0.8585441708564758, 0.0]], "F1_noscale": [[0.0, 0.9101720452308655, 0.8779160380363464, 0.8703330755233765, 0.9015977382659912], [0.8877149820327759, 0.0, 0.8779160380363464, 0.8703330755233765, 0.9015977382659912], [0.8877149820327759, 0.9101720452308655, 0.0, 0.8703330755233765, 0.9015977382659912], [0.8877149820327759, 0.9101720452308655, 0.8779160380363464, 0.0, 0.9015977382659912], [0.8877149820327759, 0.9101720452308655, 0.8779160380363464, 0.8703330755233765, 0.0]], "Score": 0.11605100240558386}}}}
{"img_fn": "Image680.jpeg", "metadata_fn": "Image680.json", "img_id": "val-679", "annot_id": "val-683", "question": ["What", "is", "the", "man", "doing", "?"], "answer_label": 0, "answer_choices": [["He", "is", "playing", "with", "his", "dog", "."], ["He", "is", "trying", "to", "feed", "his", "dog", "."], ["He", "is", "talking", "to", "his", "friend", "."], ["He", "is", "tempting", "his", "dog", "with", "treats", "."]], "CaptionExperiment": {"Humans": {"Captions": [" A bald man offers an excited dog a ball to play with. ", "A man holding a tennis ball to his dog.", "A writer asking a dog whether the dog wants to play the tennis ball.", "A guy is suffering his own project and is interrupted by his dog; he gives his dog a ball to play.", " A working man offers his playful dog a ball. "], "Confidence": [-1, -1, 7, 5, -1], "P": [[0.0, 0.5047414898872375, 0.5151968598365784, 0.4546746611595154, 0.6038053631782532], [0.6156768202781677, 0.0, 0.6043076515197754, 0.429999977350235, 0.6399407982826233], [0.49347811937332153, 0.44791877269744873, 0.0, 0.3547561466693878, 0.37470829486846924], [0.3630717098712921, 0.30610042810440063, 0.28030824661254883, 0.0, 0.32538753747940063], [0.7173934578895569, 0.6260006427764893, 0.49879035353660583, 0.49026748538017273, 0.0]], "R": [[0.0, 0.6157035827636719, 0.49351340532302856, 0.3631160855293274, 0.7174131274223328], [0.5047760009765625, 0.0, 0.44795724749565125, 0.30614879727363586, 0.6260266900062561], [0.515230655670166, 0.6043352484703064, 0.0, 0.2803584039211273, 0.4988252818584442], [0.4547126591205597, 0.4300396740436554, 0.35480108857154846, 0.0, 0.49030300974845886], [0.6038329601287842, 0.6399658918380737, 0.37475186586380005, 0.32543453574180603, 0.0]], "F1": [[0.0, 0.5603801012039185, 0.5051381587982178, 0.40946197509765625, 0.6605870127677917], [0.5603801012039185, 0.0, 0.5257818698883057, 0.3683765232563019, 0.6335715055465698], [0.5051381587982178, 0.5257818698883057, 0.0, 0.3184013068675995, 0.43696871399879456], [0.40946197509765625, 0.3683765232563019, 0.3184013068675995, 0.0, 0.40754008293151855], [0.6605870127677917, 0.6335715055465698, 0.43696871399879456, 0.40754008293151855, 0.0]], "P_IDF": [[0.0, 0.32506173849105835, 0.37965333461761475, 0.31389743089675903, 0.5158063769340515], [0.5476968884468079, 0.0, 0.5589867830276489, 0.39011406898498535, 0.6079399585723877], [0.3755533993244171, 0.29673635959625244, 0.0, 0.2486126869916916, 0.2620059847831726], [0.24101132154464722, 0.17221350967884064, 0.1522829383611679, 0.0, 0.19937047362327576], [0.6351358294487, 0.46157383918762207, 0.3714470863342285, 0.37065327167510986, 0.0]], "R_IDF": [[0.0, 0.5477283596992493, 0.37559691071510315, 0.24106422066688538, 0.635161280632019], [0.32510876655578613, 0.0, 0.2967853546142578, 0.17227119207382202, 0.4616113603115082], [0.3796965777873993, 0.5590174794197083, 0.0, 0.15234200656414032, 0.37149086594581604], [0.3139452338218689, 0.3901565670967102, 0.24866504967212677, 0.0, 0.37069711089134216], [0.5158401131629944, 0.6079673171043396, 0.2620573937892914, 0.19942626357078552, 0.0]], "F1_IDF": [[0.0, 0.4350111484527588, 0.3786355257034302, 0.27839934825897217, 0.5755307674407959], [0.4350111484527588, 0.0, 0.4256103038787842, 0.2800849974155426, 0.5345512628555298], [0.3786355257034302, 0.4256103038787842, 0.0, 0.2013235092163086, 0.3172909617424011], [0.27839934825897217, 0.2800849974155426, 0.2013235092163086, 0.0, 0.2847958207130432], [0.5755307674407959, 0.5345512628555298, 0.3172909617424011, 0.2847958207130432, 0.0]], "P_noscale": [[0.0, 0.9165518283843994, 0.9183135032653809, 0.9081158638000488, 0.9332435131072998], [0.9352437853813171, 0.0, 0.9333281517028809, 0.9039583206176758, 0.939332127571106], [0.914654016494751, 0.9069775342941284, 0.0, 0.8912801742553711, 0.8946419954299927], [0.8926813006401062, 0.8830819725990295, 0.878736138343811, 0.0, 0.8863317370414734], [0.9523824453353882, 0.9369832873344421, 0.915549099445343, 0.9141130447387695, 0.0]], "R_noscale": [[0.0, 0.9352437853813171, 0.914654016494751, 0.8926813006401062, 0.9523824453353882], [0.9165518283843994, 0.0, 0.9069775342941284, 0.8830819725990295, 0.9369832873344421], [0.9183135032653809, 0.9333281517028809, 0.0, 0.878736138343811, 0.915549099445343], [0.9081158638000488, 0.9039583206176758, 0.8912801742553711, 0.0, 0.9141130447387695], [0.9332435131072998, 0.939332127571106, 0.8946419954299927, 0.8863317370414734, 0.0]], "F1_noscale": [[0.0, 0.9258034825325012, 0.9164800643920898, 0.9003323912620544, 0.9427158236503601], [0.9258034825325012, 0.0, 0.9199641942977905, 0.8933982253074646, 0.9381563067436218], [0.9164800643920898, 0.9199641942977905, 0.0, 0.8849636912345886, 0.9049748182296753], [0.9003323912620544, 0.8933982253074646, 0.8849636912345886, 0.0, 0.9000080227851868], [0.9427158236503601, 0.9381563067436218, 0.9049748182296753, 0.9000080227851868, 0.0]], "Score": 0.37112336456775663}, "Machines": {"Oscar": {"Captions": "a man sitting at a table with a brown and white dog.", "Confidence": 0.64464271068573, "P": [[0.0, 0.4140165150165558, 0.3144938349723816, 0.2964887320995331, 0.3667418658733368], [0.39354294538497925, 0.0, 0.3144938349723816, 0.2964887320995331, 0.3667418658733368], [0.39354294538497925, 0.4140165150165558, 0.0, 0.2964887320995331, 0.3667418658733368], [0.39354294538497925, 0.4140165150165558, 0.3144938349723816, 0.0, 0.3667418658733368], [0.39354294538497925, 0.4140165150165558, 0.3144938349723816, 0.2964887320995331, 0.0]], "R": [[0.0, 0.46746090054512024, 0.22615720331668854, 0.23942434787750244, 0.43485209345817566], [0.34216535091400146, 0.0, 0.22615720331668854, 0.23942434787750244, 0.43485209345817566], [0.34216535091400146, 0.46746090054512024, 0.0, 0.23942434787750244, 0.43485209345817566], [0.34216535091400146, 0.46746090054512024, 0.22615720331668854, 0.0, 0.43485209345817566], [0.34216535091400146, 0.46746090054512024, 0.22615720331668854, 0.23942434787750244, 0.0]], "F1": [[0.0, 0.4415160119533539, 0.271135151386261, 0.26898863911628723, 0.4015547037124634], [0.3687554895877838, 0.0, 0.271135151386261, 0.26898863911628723, 0.4015547037124634], [0.3687554895877838, 0.4415160119533539, 0.0, 0.26898863911628723, 0.4015547037124634], [0.3687554895877838, 0.4415160119533539, 0.271135151386261, 0.0, 0.4015547037124634], [0.3687554895877838, 0.4415160119533539, 0.271135151386261, 0.26898863911628723, 0.0]], "P_IDF": [[0.0, 0.28006237745285034, 0.11816419661045074, 0.11660734564065933, 0.19681286811828613], [0.23339828848838806, 0.0, 0.11816419661045074, 0.11660734564065933, 0.19681286811828613], [0.23339828848838806, 0.28006237745285034, 0.0, 0.11660734564065933, 0.19681286811828613], [0.23339828848838806, 0.28006237745285034, 0.11816419661045074, 0.0, 0.19681286811828613], [0.23339828848838806, 0.28006237745285034, 0.11816419661045074, 0.11660734564065933, 0.0]], "R_IDF": [[0.0, 0.3769088685512543, 0.10363911837339401, 0.12076184898614883, 0.24212433397769928], [0.16570959985256195, 0.0, 0.10363911837339401, 0.12076184898614883, 0.24212433397769928], [0.16570959985256195, 0.3769088685512543, 0.0, 0.12076184898614883, 0.24212433397769928], [0.16570959985256195, 0.3769088685512543, 0.10363911837339401, 0.0, 0.24212433397769928], [0.16570959985256195, 0.3769088685512543, 0.10363911837339401, 0.12076184898614883, 0.0]], "F1_IDF": [[0.0, 0.32913389801979065, 0.11233552545309067, 0.12011568248271942, 0.22063864767551422], [0.20063024759292603, 0.0, 0.11233552545309067, 0.12011568248271942, 0.22063864767551422], [0.20063024759292603, 0.32913389801979065, 0.0, 0.12011568248271942, 0.22063864767551422], [0.20063024759292603, 0.32913389801979065, 0.11233552545309067, 0.0, 0.22063864767551422], [0.20063024759292603, 0.32913389801979065, 0.11233552545309067, 0.12011568248271942, 0.0]], "P_noscale": [[0.0, 0.9012652039527893, 0.8844962120056152, 0.8814624547958374, 0.8932996988296509], [0.8978155255317688, 0.0, 0.8844962120056152, 0.8814624547958374, 0.8932996988296509], [0.8978155255317688, 0.9012652039527893, 0.0, 0.8814624547958374, 0.8932996988296509], [0.8978155255317688, 0.9012652039527893, 0.8844962120056152, 0.0, 0.8932996988296509], [0.8978155255317688, 0.9012652039527893, 0.8844962120056152, 0.8814624547958374, 0.0]], "R_noscale": [[0.0, 0.9102640151977539, 0.8696029186248779, 0.8718385100364685, 0.904769241809845], [0.8891509771347046, 0.0, 0.8696029186248779, 0.8718385100364685, 0.904769241809845], [0.8891509771347046, 0.9102640151977539, 0.0, 0.8718385100364685, 0.904769241809845], [0.8891509771347046, 0.9102640151977539, 0.8696029186248779, 0.0, 0.904769241809845], [0.8891509771347046, 0.9102640151977539, 0.8696029186248779, 0.8718385100364685, 0.0]], "F1_noscale": [[0.0, 0.9057422876358032, 0.8769863843917847, 0.8766241073608398, 0.8989978432655334], [0.8934621810913086, 0.0, 0.8769863843917847, 0.8766241073608398, 0.8989978432655334], [0.8934621810913086, 0.9057422876358032, 0.0, 0.8766241073608398, 0.8989978432655334], [0.8934621810913086, 0.9057422876358032, 0.8769863843917847, 0.0, 0.8989978432655334], [0.8934621810913086, 0.9057422876358032, 0.8769863843917847, 0.8766241073608398, 0.0]], "Score": 0.1965708002448082}}}}
{"img_fn": "Image377.jpeg", "metadata_fn": "Image377.json", "img_id": "val-376", "annot_id": "val-378", "question": ["Where", "are", "these", "two", "people", "?"], "answer_choices": [["They", "are", "on", "the", "playground", "."], ["They", "are", "in", "a", "hospital", "."], ["They", "are", "in", "a", "classroom", "."], ["They", "are", "in", "a", "restaurant", "."]], "answer_label": 2, "CaptionExperiment": {"Humans": {"Captions": [" Two middle school kids talk in the doorway of a classroom.", "A young girl and boy talking to each other in a school classroom. ", "A middle school boy leaving the classroom while talking to a girl in the hallway.", "A girl comes to see the boy she has a crush on when the boy is about to leave.", " A girl and a boy greet each other after class. "], "Confidence": [-1, -1, 8, 8, -1], "P": [[0.0, 0.6236206293106079, 0.6865472197532654, 0.27462950348854065, 0.45476311445236206], [0.5162687301635742, 0.0, 0.5821375250816345, 0.2909313142299652, 0.6414768099784851], [0.581908643245697, 0.6205214262008667, 0.0, 0.3339659571647644, 0.437995046377182], [0.14175501465797424, 0.21940186619758606, 0.2848687767982483, 0.0, 0.25934508442878723], [0.410773366689682, 0.6976518034934998, 0.46558359265327454, 0.3759715259075165, 0.0]], "R": [[0.0, 0.5163017511367798, 0.5819377899169922, 0.14181481301784515, 0.41081440448760986], [0.623647153377533, 0.0, 0.6205478310585022, 0.2194562554359436, 0.6976728439331055], [0.686569094657898, 0.5821666121482849, 0.0, 0.2849186062812805, 0.46562081575393677], [0.2746800482273102, 0.290980726480484, 0.33401235938072205, 0.0, 0.3760150074958801], [0.45480111241340637, 0.641501784324646, 0.43803420662879944, 0.2593967020511627, 0.0]], "F1": [[0.0, 0.5701351165771484, 0.634344220161438, 0.20864950120449066, 0.43361932039260864], [0.5701358318328857, 0.0, 0.6019243001937866, 0.2561565041542053, 0.6699718832969666], [0.634344220161438, 0.6019243001937866, 0.0, 0.31044843792915344, 0.4526635706424713], [0.20864950120449066, 0.2561565041542053, 0.31044843792915344, 0.0, 0.31814420223236084], [0.43361932039260864, 0.6699718832969666, 0.4526635706424713, 0.31814420223236084, 0.0]], "P_IDF": [[0.0, 0.4973672330379486, 0.634319007396698, 0.08715208619832993, 0.33740827441215515], [0.45478788018226624, 0.0, 0.5269505381584167, 0.1793150156736374, 0.6182107329368591], [0.5207691192626953, 0.5124341249465942, 0.0, 0.1502966433763504, 0.3514772355556488], [-0.014787063002586365, 0.06463277339935303, 0.13487565517425537, 0.0, 0.1220388114452362], [0.3983263373374939, 0.6493848562240601, 0.4316215515136719, 0.3077665865421295, 0.0]], "R_IDF": [[0.0, 0.45482584834098816, 0.5208025574684143, -0.014716348610818386, 0.3983682692050934], [0.49740296602249146, 0.0, 0.5124680995941162, 0.06469795107841492, 0.6494096517562866], [0.6343445181846619, 0.5269834995269775, 0.0, 0.13493594527244568, 0.4316611588001251], [0.08721569180488586, 0.17937220633029938, 0.15035584568977356, 0.0, 0.3078148365020752], [0.3374544680118561, 0.618237316608429, 0.35152241587638855, 0.12209998816251755, 0.0]], "F1_IDF": [[0.0, 0.47686365246772766, 0.577661395072937, 0.037260353565216064, 0.3687416911125183], [0.47686365246772766, 0.0, 0.5204795002937317, 0.12278170138597488, 0.6343618631362915], [0.577661395072937, 0.5204795002937317, 0.0, 0.14399755001068115, 0.39225804805755615], [0.037260353565216064, 0.12278170138597488, 0.14399755001068115, 0.0, 0.21453353762626648], [0.3687416911125183, 0.6343618631362915, 0.39225804805755615, 0.21453353762626648, 0.0]], "P_noscale": [[0.0, 0.9365822672843933, 0.9471850395202637, 0.8777793049812317, 0.9081307649612427], [0.9184941053390503, 0.0, 0.9295926094055176, 0.880526065826416, 0.9395909309387207], [0.9295540452003479, 0.9360600709915161, 0.0, 0.8877771496772766, 0.9053054451942444], [0.855390727519989, 0.8684737682342529, 0.8795045614242554, 0.0, 0.8752039670944214], [0.9007187485694885, 0.949056088924408, 0.9099539518356323, 0.8948548436164856, 0.0]], "R_noscale": [[0.0, 0.9184939861297607, 0.9295540452003479, 0.855390727519989, 0.9007187485694885], [0.9365823268890381, 0.0, 0.9360600709915161, 0.8684737682342529, 0.949056088924408], [0.9471850395202637, 0.9295926094055176, 0.0, 0.8795045614242554, 0.9099539518356323], [0.8777793049812317, 0.880526065826416, 0.8877771496772766, 0.0, 0.8948548436164856], [0.9081307649612427, 0.9395909309387207, 0.9053054451942444, 0.8752039670944214, 0.0]], "F1_noscale": [[0.0, 0.9274498820304871, 0.9382867217063904, 0.8664404153823853, 0.9044095277786255], [0.9274500012397766, 0.0, 0.9328150749206543, 0.874458372592926, 0.9442997574806213], [0.9382867217063904, 0.9328150749206543, 0.0, 0.8836214542388916, 0.9076237082481384], [0.8664404153823853, 0.874458372592926, 0.8836214542388916, 0.0, 0.8849202990531921], [0.9044095277786255, 0.9442997574806213, 0.9076237082481384, 0.8849202990531921, 0.0]], "Score": 0.3488939292728901}, "Machines": {"Oscar": {"Captions": "a couple of people standing in a room.", "Confidence": 0.6598137021064758, "P": [[0.0, 0.5226227641105652, 0.4500957429409027, 0.26425087451934814, 0.3723820447921753], [0.48073041439056396, 0.0, 0.4500957429409027, 0.26425087451934814, 0.3723820447921753], [0.48073041439056396, 0.5226227641105652, 0.0, 0.26425087451934814, 0.3723820447921753], [0.48073041439056396, 0.5226227641105652, 0.4500957429409027, 0.0, 0.3723820447921753], [0.48073041439056396, 0.5226227641105652, 0.4500957429409027, 0.26425087451934814, 0.0]], "R": [[0.0, 0.3612438440322876, 0.32856854796409607, 0.15720324218273163, 0.2840788662433624], [0.36057811975479126, 0.0, 0.32856854796409607, 0.15720324218273163, 0.2840788662433624], [0.36057811975479126, 0.3612438440322876, 0.0, 0.15720324218273163, 0.2840788662433624], [0.36057811975479126, 0.3612438440322876, 0.32856854796409607, 0.0, 0.2840788662433624], [0.36057811975479126, 0.3612438440322876, 0.32856854796409607, 0.15720324218273163, 0.0]], "F1": [[0.0, 0.4416276216506958, 0.3896291255950928, 0.21145112812519073, 0.3289502263069153], [0.4209199845790863, 0.0, 0.3896291255950928, 0.21145112812519073, 0.3289502263069153], [0.4209199845790863, 0.4416276216506958, 0.0, 0.21145112812519073, 0.3289502263069153], [0.4209199845790863, 0.4416276216506958, 0.3896291255950928, 0.0, 0.3289502263069153], [0.4209199845790863, 0.4416276216506958, 0.3896291255950928, 0.21145112812519073, 0.0]], "P_IDF": [[0.0, 0.33532577753067017, 0.24210193753242493, 0.018589511513710022, 0.1771426498889923], [0.2880648970603943, 0.0, 0.24210193753242493, 0.018589511513710022, 0.1771426498889923], [0.2880648970603943, 0.33532577753067017, 0.0, 0.018589511513710022, 0.1771426498889923], [0.2880648970603943, 0.33532577753067017, 0.24210193753242493, 0.0, 0.1771426498889923], [0.2880648970603943, 0.33532577753067017, 0.24210193753242493, 0.018589511513710022, 0.0]], "R_IDF": [[0.0, 0.25497549772262573, 0.15877731144428253, 0.008409797213971615, 0.20053128898143768], [0.19146180152893066, 0.0, 0.15877731144428253, 0.008409797213971615, 0.20053128898143768], [0.19146180152893066, 0.25497549772262573, 0.0, 0.008409797213971615, 0.20053128898143768], [0.19146180152893066, 0.25497549772262573, 0.15877731144428253, 0.0, 0.20053128898143768], [0.19146180152893066, 0.25497549772262573, 0.15877731144428253, 0.008409797213971615, 0.0]], "F1_IDF": [[0.0, 0.29598575830459595, 0.2013990879058838, 0.015096968039870262, 0.19012898206710815], [0.24054603278636932, 0.0, 0.2013990879058838, 0.015096968039870262, 0.19012898206710815], [0.24054603278636932, 0.29598575830459595, 0.0, 0.015096968039870262, 0.19012898206710815], [0.24054603278636932, 0.29598575830459595, 0.2013990879058838, 0.0, 0.19012898206710815], [0.24054603278636932, 0.29598575830459595, 0.2013990879058838, 0.015096968039870262, 0.0]], "P_noscale": [[0.0, 0.9195647239685059, 0.9073443412780762, 0.8760305643081665, 0.8942500352859497], [0.912506103515625, 0.0, 0.9073443412780762, 0.8760305643081665, 0.8942500352859497], [0.912506103515625, 0.9195647239685059, 0.0, 0.8760305643081665, 0.8942500352859497], [0.912506103515625, 0.9195647239685059, 0.9073443412780762, 0.0, 0.8942500352859497], [0.912506103515625, 0.9195647239685059, 0.9073443412780762, 0.8760305643081665, 0.0]], "R_noscale": [[0.0, 0.8923658132553101, 0.8868598341941833, 0.8579837679862976, 0.8793630599975586], [0.8922536373138428, 0.0, 0.8868598341941833, 0.8579837679862976, 0.8793630599975586], [0.8922536373138428, 0.8923658132553101, 0.0, 0.8579837679862976, 0.8793630599975586], [0.8922536373138428, 0.8923658132553101, 0.8868598341941833, 0.0, 0.8793630599975586], [0.8922536373138428, 0.8923658132553101, 0.8868598341941833, 0.8579837679862976, 0.0]], "F1_noscale": [[0.0, 0.9057611227035522, 0.8969851136207581, 0.8669132590293884, 0.8867440819740295], [0.9022662043571472, 0.0, 0.8969851136207581, 0.8669132590293884, 0.8867440819740295], [0.9022662043571472, 0.9057611227035522, 0.0, 0.8669132590293884, 0.8867440819740295], [0.9022662043571472, 0.9057611227035522, 0.8969851136207581, 0.0, 0.8867440819740295], [0.9022662043571472, 0.9057611227035522, 0.8969851136207581, 0.8669132590293884, 0.0]], "Score": 0.1886313658207655}}}}
{"img_fn": "Image1059.jpeg", "metadata_fn": "Image1059.json", "img_id": "val-1058", "annot_id": "val-1062", "question": ["How", "is", "this", "woman", "doing", "?"], "answer_choices": [["She", "is", "angry", "."], ["She", "is", "laughing", "happily", "."], ["She", "feels", "sad", "and", "is", "crying", "."], ["She", "is", "sneering", "at", "someone", "."]], "answer_label": 2, "CaptionExperiment": {"Humans": {"Captions": [" A woman cries in a bathroom stall alone. ", "A woman dressed fancy crying in a public restroom. ", "A woman crying in the public bathroom.", "A bridesmaid is mentally hurt by a guy she likes on a wedding.", " A woman cries in the bathroom at a formal. "], "Confidence": [-1, -1, 10, 7, -1], "P": [[0.0, 0.7063224911689758, 0.7131024599075317, 0.3483858108520508, 0.7489811182022095], [0.544068455696106, 0.0, 0.6101590394973755, 0.20820003747940063, 0.5230264067649841], [0.8228283524513245, 0.8972461819648743, 0.0, 0.4509461522102356, 0.828522264957428], [0.1830948293209076, 0.1493273675441742, 0.16055747866630554, 0.0, 0.2773618698120117], [0.7129620313644409, 0.6610433459281921, 0.7056019306182861, 0.49898242950439453, 0.0]], "R": [[0.0, 0.5441002249717712, 0.822840690612793, 0.1831517517566681, 0.7129820585250854], [0.7063429951667786, 0.0, 0.8972533345222473, 0.14938664436340332, 0.6610669493675232], [0.7131224870681763, 0.6101862192153931, 0.0, 0.1606159806251526, 0.7056224346160889], [0.34843122959136963, 0.20825521647930145, 0.4509844183921814, 0.0, 0.4990173578262329], [0.7489985823631287, 0.5230596661567688, 0.8285342454910278, 0.2774122357368469, 0.0]], "F1": [[0.0, 0.6246354579925537, 0.7678235769271851, 0.2656477093696594, 0.7313606142997742], [0.6246354579925537, 0.0, 0.7504953145980835, 0.1799575686454773, 0.5918521285057068], [0.7678235769271851, 0.7504953145980835, 0.0, 0.3028879463672638, 0.7667873501777649], [0.2656477093696594, 0.1799575686454773, 0.3028879463672638, 0.0, 0.3868846893310547], [0.7313606142997742, 0.5918521285057068, 0.7667873501777649, 0.3868846893310547, 0.0]], "P_IDF": [[0.0, 0.5352767109870911, 0.6234791278839111, 0.12752121686935425, 0.6345227956771851], [0.31290584802627563, 0.0, 0.4703393876552582, -0.04124395176768303, 0.3286629021167755], [0.7316010594367981, 0.8591739535331726, 0.0, 0.25642168521881104, 0.7402686476707458], [0.03334119915962219, -0.01563393697142601, 0.017077941447496414, 0.0, 0.09876354038715363], [0.5382570624351501, 0.47720494866371155, 0.5454792380332947, 0.30303555727005005, 0.0]], "R_IDF": [[0.0, 0.31295374035835266, 0.7316197752952576, 0.03340855985879898, 0.5382892489433289], [0.5353091359138489, 0.0, 0.8591837286949158, -0.015563164837658405, 0.4772413671016693], [0.6235053539276123, 0.47037628293037415, 0.0, 0.017146434634923935, 0.5455108880996704], [0.12758201360702515, -0.041171394288539886, 0.25647351145744324, 0.0, 0.303084135055542], [0.6345482468605042, 0.3287096917629242, 0.7402867078781128, 0.0988263413310051, 0.0]], "F1_IDF": [[0.0, 0.4227440655231476, 0.6775553822517395, 0.08151613920927048, 0.5866571068763733], [0.4227440655231476, 0.0, 0.6585743427276611, -0.02676543965935707, 0.4028928279876709], [0.6775553822517395, 0.6585743427276611, 0.0, 0.13536310195922852, 0.641768753528595], [0.08151613920927048, -0.02676543965935707, 0.13536310195922852, 0.0, 0.2001979798078537], [0.5866571068763733, 0.4028928279876709, 0.641768753528595, 0.2001979798078537, 0.0]], "P_noscale": [[0.0, 0.9505170583724976, 0.9516594409942627, 0.8902068138122559, 0.9577047824859619], [0.9231781959533691, 0.0, 0.9343140721321106, 0.8665863275527954, 0.9196327328681946], [0.9701476097106934, 0.9826865792274475, 0.0, 0.9074876308441162, 0.971107006072998], [0.8623562455177307, 0.856666624546051, 0.8585588335990906, 0.0, 0.8782396912574768], [0.9516357779502869, 0.9428877830505371, 0.9503956437110901, 0.915581464767456, 0.0]], "R_noscale": [[0.0, 0.9231781959533691, 0.9701476097106934, 0.8623562455177307, 0.9516357779502869], [0.9505170583724976, 0.0, 0.9826865792274475, 0.856666624546051, 0.9428877830505371], [0.9516594409942627, 0.9343140721321106, 0.0, 0.8585588335990906, 0.9503956437110901], [0.8902068138122559, 0.8665863275527954, 0.9074876308441162, 0.0, 0.915581464767456], [0.9577047824859619, 0.9196327328681946, 0.971107006072998, 0.8782396912574768, 0.0]], "F1_noscale": [[0.0, 0.9366481304168701, 0.9608145952224731, 0.8760602474212646, 0.9546605944633484], [0.9366481304168701, 0.0, 0.9578900337219238, 0.8615979552268982, 0.9311151504516602], [0.9608145952224731, 0.9578900337219238, 0.0, 0.88234543800354, 0.9606397151947021], [0.8760602474212646, 0.8615979552268982, 0.88234543800354, 0.0, 0.8965219259262085], [0.9546605944633484, 0.9311151504516602, 0.9606397151947021, 0.8965219259262085, 0.0]], "Score": 0.3780504260212183}, "Machines": {"Oscar": {"Captions": "a young woman eating food in front of a brick wall.", "Confidence": 0.6047446727752686, "P": [[0.0, 0.4909968972206116, 0.46913594007492065, 0.2573545277118683, 0.4352036118507385], [0.4679498076438904, 0.0, 0.46913594007492065, 0.2573545277118683, 0.4352036118507385], [0.4679498076438904, 0.4909968972206116, 0.0, 0.2573545277118683, 0.4352036118507385], [0.4679498076438904, 0.4909968972206116, 0.46913594007492065, 0.0, 0.4352036118507385], [0.4679498076438904, 0.4909968972206116, 0.46913594007492065, 0.2573545277118683, 0.0]], "R": [[0.0, 0.3869560658931732, 0.6249938011169434, 0.07905739545822144, 0.4542733430862427], [0.4965398609638214, 0.0, 0.6249938011169434, 0.07905739545822144, 0.4542733430862427], [0.4965398609638214, 0.3869560658931732, 0.0, 0.07905739545822144, 0.4542733430862427], [0.4965398609638214, 0.3869560658931732, 0.6249938011169434, 0.0, 0.4542733430862427], [0.4965398609638214, 0.3869560658931732, 0.6249938011169434, 0.07905739545822144, 0.0]], "F1": [[0.0, 0.43938326835632324, 0.5466975569725037, 0.16799809038639069, 0.44562435150146484], [0.48304858803749084, 0.0, 0.5466975569725037, 0.16799809038639069, 0.44562435150146484], [0.48304858803749084, 0.43938326835632324, 0.0, 0.16799809038639069, 0.44562435150146484], [0.48304858803749084, 0.43938326835632324, 0.5466975569725037, 0.0, 0.44562435150146484], [0.48304858803749084, 0.43938326835632324, 0.5466975569725037, 0.16799809038639069, 0.0]], "P_IDF": [[0.0, 0.2777039408683777, 0.2646661698818207, 0.054961275309324265, 0.24956992268562317], [0.25928813219070435, 0.0, 0.2646661698818207, 0.054961275309324265, 0.24956992268562317], [0.25928813219070435, 0.2777039408683777, 0.0, 0.054961275309324265, 0.24956992268562317], [0.25928813219070435, 0.2777039408683777, 0.2646661698818207, 0.0, 0.24956992268562317], [0.25928813219070435, 0.2777039408683777, 0.2646661698818207, 0.054961275309324265, 0.0]], "R_IDF": [[0.0, 0.08981627225875854, 0.4269120693206787, -0.038752272725105286, 0.20173926651477814], [0.2627577781677246, 0.0, 0.4269120693206787, -0.038752272725105286, 0.20173926651477814], [0.2627577781677246, 0.08981627225875854, 0.0, -0.038752272725105286, 0.20173926651477814], [0.2627577781677246, 0.08981627225875854, 0.4269120693206787, 0.0, 0.20173926651477814], [0.2627577781677246, 0.08981627225875854, 0.4269120693206787, -0.038752272725105286, 0.0]], "F1_IDF": [[0.0, 0.1833602786064148, 0.3456113636493683, 0.0092705013230443, 0.22680096328258514], [0.26222312450408936, 0.0, 0.3456113636493683, 0.0092705013230443, 0.22680096328258514], [0.26222312450408936, 0.1833602786064148, 0.0, 0.0092705013230443, 0.22680096328258514], [0.26222312450408936, 0.1833602786064148, 0.3456113636493683, 0.0, 0.22680096328258514], [0.26222312450408936, 0.1833602786064148, 0.3456113636493683, 0.0092705013230443, 0.0]], "P_noscale": [[0.0, 0.9142359495162964, 0.9105525016784668, 0.8748685717582703, 0.9048351049423218], [0.9103526473045349, 0.0, 0.9105525016784668, 0.8748685717582703, 0.9048351049423218], [0.9103526473045349, 0.9142359495162964, 0.0, 0.8748685717582703, 0.9048351049423218], [0.9103526473045349, 0.9142359495162964, 0.9105525016784668, 0.0, 0.9048351049423218], [0.9103526473045349, 0.9142359495162964, 0.9105525016784668, 0.8748685717582703, 0.0]], "R_noscale": [[0.0, 0.8966984748840332, 0.936809241771698, 0.844815731048584, 0.9080418348312378], [0.9151639938354492, 0.0, 0.936809241771698, 0.844815731048584, 0.9080418348312378], [0.9151639938354492, 0.8966984748840332, 0.0, 0.844815731048584, 0.9080418348312378], [0.9151639938354492, 0.8966984748840332, 0.936809241771698, 0.0, 0.9080418348312378], [0.9151639938354492, 0.8966984748840332, 0.936809241771698, 0.844815731048584, 0.0]], "F1_noscale": [[0.0, 0.9053823351860046, 0.9234942197799683, 0.8595795035362244, 0.9064356684684753], [0.9127519130706787, 0.0, 0.9234942197799683, 0.8595795035362244, 0.9064356684684753], [0.9127519130706787, 0.9053823351860046, 0.0, 0.8595795035362244, 0.9064356684684753], [0.9127519130706787, 0.9053823351860046, 0.9234942197799683, 0.0, 0.9064356684684753], [0.9127519130706787, 0.9053823351860046, 0.9234942197799683, 0.8595795035362244, 0.0]], "Score": 0.20545324627310038}}}}
