{"img_fn": "Image1072.jpeg", "metadata_fn": "Image1072.json", "img_id": "val-1071", "annot_id": "val-1075", "question": ["Why", "is", "the", "man", "standing", "up", "?"], "answer_label": 0, "answer_choices": [["He", "is", "making", "statements", "by", "reading", "a", "letter", "."], ["He", "is", "a", "TV", "host", "and", "is", "interviewing", "someone", "behind", "him", "."], ["He", "wants", "to", "ask", "a", "question", "that", "just", "pops", "in", "his", "head", "."], ["He", "wants", "to", "give", "a", "dance", "performance", "."]], "CaptionExperiment": {"Humans": {"Captions": [" A man is reading a statement in front of a full courtroom. ", "A man reading a document in a courtroom. ", "A witness testifying in a courtroom.", "A defendant reading something provided by his lawyer, and it is hard and serious.", " A man is reading a document in a courtroom. "], "Confidence": [-1, -1, 7, 6, -1], "P": [[0.0, 0.5306896567344666, 0.3769623637199402, 0.3339507579803467, 0.5780432224273682], [0.6490908861160278, 0.0, 0.5618574619293213, 0.3906729817390442, 0.9053342938423157], [0.5222159624099731, 0.5965502858161926, 0.0, 0.3972357213497162, 0.5355169177055359], [0.20765420794487, 0.23932358622550964, 0.15604151785373688, 0.0, 0.23875370621681213], [0.6932783722877502, 0.8845405578613281, 0.4967304766178131, 0.3697918951511383, 0.0]], "R": [[0.0, 0.6491153240203857, 0.5222492814064026, 0.2077094167470932, 0.6932997703552246], [0.5307223796844482, 0.0, 0.5965784192085266, 0.23937658965587616, 0.8845486044883728], [0.37700578570365906, 0.5618879795074463, 0.0, 0.156100332736969, 0.4967655539512634], [0.3339971601963043, 0.39071545004844666, 0.39727774262428284, 0.0, 0.3698357939720154], [0.5780726075172424, 0.9053409099578857, 0.5355492830276489, 0.23880673944950104, 0.0]], "F1": [[0.0, 0.5899376273155212, 0.4495246708393097, 0.2712478041648865, 0.6356707215309143], [0.5899376273155212, 0.0, 0.5798478126525879, 0.31504589319229126, 0.8950932621955872], [0.4495246708393097, 0.5798478126525879, 0.0, 0.2750535011291504, 0.5168578624725342], [0.2712478041648865, 0.31504589319229126, 0.2750535011291504, 0.0, 0.30460959672927856], [0.6356707215309143, 0.8950932621955872, 0.5168578624725342, 0.30460959672927856, 0.0]], "P_IDF": [[0.0, 0.38442718982696533, 0.21557924151420593, 0.17923720180988312, 0.43748706579208374], [0.5334120988845825, 0.0, 0.38611775636672974, 0.3040773570537567, 0.9452615976333618], [0.2807564437389374, 0.32457709312438965, 0.0, 0.20053501427173615, 0.3105509579181671], [0.05655597895383835, 0.08780545741319656, -0.0037210858426988125, 0.0, 0.09570573270320892], [0.5682903528213501, 0.9235866665840149, 0.33274269104003906, 0.2689076066017151, 0.0]], "R_IDF": [[0.0, 0.5334446430206299, 0.2808065712451935, 0.056621719151735306, 0.5683204531669617], [0.3844700753688812, 0.0, 0.3246241807937622, 0.08786902576684952, 0.9235919713973999], [0.21563391387462616, 0.3861605226993561, 0.0, -0.003651142818853259, 0.33278918266296387], [0.1792943924665451, 0.3041258454322815, 0.20059071481227875, 0.0, 0.26895856857299805], [0.43752625584602356, 0.9452654123306274, 0.3105989992618561, 0.0957687497138977, 0.0]], "F1_IDF": [[0.0, 0.4587906002998352, 0.24921086430549622, 0.1186172142624855, 0.5029284358024597], [0.4587906002998352, 0.0, 0.35623836517333984, 0.19500085711479187, 0.9345127940177917], [0.24921086430549622, 0.35623836517333984, 0.0, 0.09783434122800827, 0.32274943590164185], [0.1186172142624855, 0.19500085711479187, 0.09783434122800827, 0.0, 0.18220049142837524], [0.5029284358024597, 0.9345127940177917, 0.32274943590164185, 0.18220049142837524, 0.0]], "P_noscale": [[0.0, 0.9209239482879639, 0.8950217962265015, 0.8877745866775513, 0.9289027452468872], [0.9408738613128662, 0.0, 0.9261755347251892, 0.897331953048706, 0.984049379825592], [0.9194961786270142, 0.9320210814476013, 0.0, 0.8984377384185791, 0.9217373132705688], [0.866494357585907, 0.8718304634094238, 0.8577979207038879, 0.0, 0.8717344403266907], [0.9483191967010498, 0.9805457592010498, 0.9152020215988159, 0.8938136100769043, 0.0]], "R_noscale": [[0.0, 0.9408738613128662, 0.9194961786270142, 0.866494357585907, 0.9483191967010498], [0.9209239482879639, 0.0, 0.9320210814476013, 0.8718304634094238, 0.9805457592010498], [0.8950217962265015, 0.9261755347251892, 0.0, 0.8577979207038879, 0.9152020215988159], [0.8877745866775513, 0.897331953048706, 0.8984377384185791, 0.0, 0.8938136100769043], [0.9289027452468872, 0.984049379825592, 0.9217373132705688, 0.8717344403266907, 0.0]], "F1_noscale": [[0.0, 0.9307920336723328, 0.9070939421653748, 0.877005398273468, 0.9385105967521667], [0.9307920336723328, 0.0, 0.9290891289710999, 0.8843973875045776, 0.9822944402694702], [0.9070939421653748, 0.9290891289710999, 0.0, 0.8776476979255676, 0.9184580445289612], [0.877005398273468, 0.8843973875045776, 0.8776476979255676, 0.0, 0.8826360106468201], [0.9385105967521667, 0.9822944402694702, 0.9184580445289612, 0.8826360106468201, 0.0]], "Score": 0.3418083399534225}, "Machines": {"Oscar": {"Captions": "a man in a suit and tie holding a piece of paper.", "Confidence": 0.6464508175849915, "P": [[0.0, 0.443604439496994, 0.24239660799503326, 0.3023514151573181, 0.4007979929447174], [0.33070898056030273, 0.0, 0.24239660799503326, 0.3023514151573181, 0.4007979929447174], [0.33070898056030273, 0.443604439496994, 0.0, 0.3023514151573181, 0.4007979929447174], [0.33070898056030273, 0.443604439496994, 0.24239660799503326, 0.0, 0.4007979929447174], [0.33070898056030273, 0.443604439496994, 0.24239660799503326, 0.3023514151573181, 0.0]], "R": [[0.0, 0.49038931727409363, 0.3089580833911896, 0.16052895784378052, 0.4313088655471802], [0.3365340530872345, 0.0, 0.3089580833911896, 0.16052895784378052, 0.4313088655471802], [0.3365340530872345, 0.49038931727409363, 0.0, 0.16052895784378052, 0.4313088655471802], [0.3365340530872345, 0.49038931727409363, 0.3089580833911896, 0.0, 0.4313088655471802], [0.3365340530872345, 0.49038931727409363, 0.3089580833911896, 0.16052895784378052, 0.0]], "F1": [[0.0, 0.46776267886161804, 0.27664342522621155, 0.23171380162239075, 0.4169592559337616], [0.33470290899276733, 0.0, 0.27664342522621155, 0.23171380162239075, 0.4169592559337616], [0.33470290899276733, 0.46776267886161804, 0.0, 0.23171380162239075, 0.4169592559337616], [0.33470290899276733, 0.46776267886161804, 0.27664342522621155, 0.0, 0.4169592559337616], [0.33470290899276733, 0.46776267886161804, 0.27664342522621155, 0.23171380162239075, 0.0]], "P_IDF": [[0.0, 0.20489320158958435, -0.10257341712713242, 0.004485183861106634, 0.17598411440849304], [0.01410114299505949, 0.0, -0.10257341712713242, 0.004485183861106634, 0.17598411440849304], [0.01410114299505949, 0.20489320158958435, 0.0, 0.004485183861106634, 0.17598411440849304], [0.01410114299505949, 0.20489320158958435, -0.10257341712713242, 0.0, 0.17598411440849304], [0.01410114299505949, 0.20489320158958435, -0.10257341712713242, 0.004485183861106634, 0.0]], "R_IDF": [[0.0, 0.3999844491481781, 0.015244104899466038, -0.013304281048476696, 0.3474790155887604], [0.10861283540725708, 0.0, 0.015244104899466038, -0.013304281048476696, 0.3474790155887604], [0.10861283540725708, 0.3999844491481781, 0.0, -0.013304281048476696, 0.3474790155887604], [0.10861283540725708, 0.3999844491481781, 0.015244104899466038, 0.0, 0.3474790155887604], [0.10861283540725708, 0.3999844491481781, 0.015244104899466038, -0.013304281048476696, 0.0]], "F1_IDF": [[0.0, 0.3017624318599701, -0.04267432540655136, -0.0027938643470406532, 0.26152244210243225], [0.06243832781910896, 0.0, -0.04267432540655136, -0.0027938643470406532, 0.26152244210243225], [0.06243832781910896, 0.3017624318599701, 0.0, -0.0027938643470406532, 0.26152244210243225], [0.06243832781910896, 0.3017624318599701, -0.04267432540655136, 0.0, 0.26152244210243225], [0.06243832781910896, 0.3017624318599701, -0.04267432540655136, -0.0027938643470406532, 0.0]], "P_noscale": [[0.0, 0.9062505960464478, 0.8723482489585876, 0.8824502825737, 0.8990379571914673], [0.8872283697128296, 0.0, 0.8723482489585876, 0.8824502825737, 0.8990379571914673], [0.8872283697128296, 0.9062505960464478, 0.0, 0.8824502825737, 0.8990379571914673], [0.8872283697128296, 0.9062505960464478, 0.8723482489585876, 0.0, 0.8990379571914673], [0.8872283697128296, 0.9062505960464478, 0.8723482489585876, 0.8824502825737, 0.0]], "R_noscale": [[0.0, 0.9141275882720947, 0.8835553526878357, 0.8585441708564758, 0.9041721820831299], [0.8882020711898804, 0.0, 0.8835553526878357, 0.8585441708564758, 0.9041721820831299], [0.8882020711898804, 0.9141275882720947, 0.0, 0.8585441708564758, 0.9041721820831299], [0.8882020711898804, 0.9141275882720947, 0.8835553526878357, 0.0, 0.9041721820831299], [0.8882020711898804, 0.9141275882720947, 0.8835553526878357, 0.8585441708564758, 0.0]], "F1_noscale": [[0.0, 0.9101720452308655, 0.8779160380363464, 0.8703330755233765, 0.9015977382659912], [0.8877149820327759, 0.0, 0.8779160380363464, 0.8703330755233765, 0.9015977382659912], [0.8877149820327759, 0.9101720452308655, 0.0, 0.8703330755233765, 0.9015977382659912], [0.8877149820327759, 0.9101720452308655, 0.8779160380363464, 0.0, 0.9015977382659912], [0.8877149820327759, 0.9101720452308655, 0.8779160380363464, 0.8703330755233765, 0.0]], "Score": 0.11605100240558386}}}, "ObjectSearchExperiment": {"Label": "Drinks"}}
{"img_fn": "Image906.jpeg", "metadata_fn": "Image906.json", "img_id": "val-905", "annot_id": "val-909", "question": ["Where", "are", "these", "people", "?"], "answer_label": 0, "answer_choices": [["They", "are", "at", "a", "nightclub", "."], ["They", "are", "at", "a", "school", "prom", "."], ["They", "are", "at", "a", "wedding", "."], ["They", "are", "at", "a", "costume", "party", "."]], "CaptionExperiment": {"Humans": {"Captions": [" An interracial couple dances alone in front of a band. ", "People dancing and hanging out at an outdoor party with a live band. ", "Couples dancing and eating in a diner with Jazz music.", "A guy is looking for a partner to dance in a ballroom, and he is probably nervous and lonely.", " Couples dance to live music at an outdoor venue. "], "Confidence": [-1, -1, 9, 5, -1], "P": [[0.0, 0.41870689392089844, 0.43086665868759155, 0.3588631749153137, 0.472932368516922], [0.45770734548568726, 0.0, 0.5532864332199097, 0.26449140906333923, 0.6254855394363403], [0.3941906690597534, 0.466336727142334, 0.0, 0.213388130068779, 0.6020712852478027], [0.23899778723716736, 0.18421940505504608, 0.1833813637495041, 0.0, 0.19831912219524384], [0.5464081764221191, 0.5972036719322205, 0.6507560014724731, 0.23794396221637726, 0.0]], "R": [[0.0, 0.4577454924583435, 0.3942328691482544, 0.23905116319656372, 0.5464397668838501], [0.418746680021286, 0.0, 0.46637389063835144, 0.18427695333957672, 0.5972317457199097], [0.4309063255786896, 0.5533168911933899, 0.0, 0.1834382712841034, 0.6507803201675415], [0.35890713334083557, 0.26454266905784607, 0.21344293653964996, 0.0, 0.23799706995487213], [0.47296908497810364, 0.625511646270752, 0.6020990014076233, 0.19837534427642822, 0.0]], "F1": [[0.0, 0.4390689730644226, 0.4134407043457031, 0.2994089424610138, 0.510236382484436], [0.4390682578086853, 0.0, 0.5102787613868713, 0.225331112742424, 0.6119537353515625], [0.4134407043457031, 0.510278046131134, 0.0, 0.19967105984687805, 0.6269274950027466], [0.2994082272052765, 0.22533075511455536, 0.19967105984687805, 0.0, 0.21935313940048218], [0.510236382484436, 0.6119537353515625, 0.6269274950027466, 0.21935313940048218, 0.0]], "P_IDF": [[0.0, 0.2371586412191391, 0.2688906490802765, 0.18487808108329773, 0.30504095554351807], [0.3881075978279114, 0.0, 0.42552292346954346, 0.13411155343055725, 0.5928338170051575], [0.2694591283798218, 0.2836228609085083, 0.0, 0.016966156661510468, 0.5538779497146606], [0.13464854657649994, 0.04671114310622215, 0.03144616633653641, 0.0, 0.06623101234436035], [0.4491565525531769, 0.49079349637031555, 0.5959216952323914, 0.10477586090564728, 0.0]], "R_IDF": [[0.0, 0.38815057277679443, 0.26951003074645996, 0.1347092092037201, 0.44919493794441223], [0.2372107356786728, 0.0, 0.2836727797985077, 0.046777572482824326, 0.49082863330841064], [0.26894158124923706, 0.42556294798851013, 0.0, 0.03151330351829529, 0.5959498286247253], [0.18493416905403137, 0.13417190313339233, 0.017034657299518585, 0.0, 0.10483859479427338], [0.30508938431739807, 0.5928621888160706, 0.5539090037345886, 0.06629643589258194, 0.0]], "F1_IDF": [[0.0, 0.3126903176307678, 0.2703875005245209, 0.16103443503379822, 0.37715649604797363], [0.31268996000289917, 0.0, 0.3546939790248871, 0.0915413498878479, 0.5420989990234375], [0.2703875005245209, 0.3546939790248871, 0.0, 0.025814726948738098, 0.5755254626274109], [0.16103409230709076, 0.0915413498878479, 0.025815080851316452, 0.0, 0.08694741874933243], [0.37715649604797363, 0.5420993566513062, 0.5755254626274109, 0.08694741874933243, 0.0]], "P_noscale": [[0.0, 0.9020555019378662, 0.9041043519973755, 0.8919721841812134, 0.9111921787261963], [0.9086268544197083, 0.0, 0.9247313737869263, 0.8760710954666138, 0.9368965029716492], [0.8979246616363525, 0.9100808501243591, 0.0, 0.8674604892730713, 0.9329513311386108], [0.8717755675315857, 0.8625457286834717, 0.8624045252799988, 0.0, 0.8649214506149292], [0.9235724210739136, 0.9321311712265015, 0.941154420375824, 0.8715980052947998, 0.0]], "R_noscale": [[0.0, 0.908626914024353, 0.8979246616363525, 0.8717756271362305, 0.9235724210739136], [0.9020553827285767, 0.0, 0.9100808501243591, 0.8625458478927612, 0.9321311712265015], [0.9041043519973755, 0.9247312545776367, 0.0, 0.8624045252799988, 0.941154420375824], [0.8919720649719238, 0.8760710954666138, 0.8674604892730713, 0.0, 0.8715980052947998], [0.9111921787261963, 0.9368965029716492, 0.9329513311386108, 0.864921510219574, 0.0]], "F1_noscale": [[0.0, 0.9053292870521545, 0.901003897190094, 0.8817582726478577, 0.9173405170440674], [0.905329167842865, 0.0, 0.9173476696014404, 0.8692558407783508, 0.9345077872276306], [0.901003897190094, 0.9173475503921509, 0.0, 0.8649250864982605, 0.9370349645614624], [0.8817581534385681, 0.869255781173706, 0.8649250864982605, 0.0, 0.8682469129562378], [0.9173405170440674, 0.9345077872276306, 0.9370349645614624, 0.8682469129562378, 0.0]], "Score": 0.27978906910866497}, "Machines": {"Oscar": {"Captions": "a group of people standing next to each other in front of a building.", "Confidence": 0.6907562613487244, "P": [[0.0, 0.26631394028663635, 0.3025965392589569, 0.172733873128891, 0.35856035351753235], [0.42392680048942566, 0.0, 0.3025965392589569, 0.172733873128891, 0.35856035351753235], [0.42392680048942566, 0.26631394028663635, 0.0, 0.172733873128891, 0.35856035351753235], [0.42392680048942566, 0.26631394028663635, 0.3025965392589569, 0.0, 0.35856035351753235], [0.42392680048942566, 0.26631394028663635, 0.3025965392589569, 0.172733873128891, 0.0]], "R": [[0.0, 0.2898530662059784, 0.2888852655887604, 0.14580589532852173, 0.338951051235199], [0.428644597530365, 0.0, 0.2888852655887604, 0.14580589532852173, 0.338951051235199], [0.428644597530365, 0.2898530662059784, 0.0, 0.14580589532852173, 0.338951051235199], [0.428644597530365, 0.2898530662059784, 0.2888852655887604, 0.0, 0.338951051235199], [0.428644597530365, 0.2898530662059784, 0.2888852655887604, 0.14580589532852173, 0.0]], "F1": [[0.0, 0.27923068404197693, 0.29687607288360596, 0.1605996936559677, 0.34979528188705444], [0.42721685767173767, 0.0, 0.29687607288360596, 0.1605996936559677, 0.34979528188705444], [0.42721685767173767, 0.27923068404197693, 0.0, 0.1605996936559677, 0.34979528188705444], [0.42721685767173767, 0.27923068404197693, 0.29687607288360596, 0.0, 0.34979528188705444], [0.42721685767173767, 0.27923068404197693, 0.29687607288360596, 0.1605996936559677, 0.0]], "P_IDF": [[0.0, 0.07182873785495758, 0.10639284551143646, -0.012630962766706944, 0.19647608697414398], [0.265817254781723, 0.0, 0.10639284551143646, -0.012630962766706944, 0.19647608697414398], [0.265817254781723, 0.07182873785495758, 0.0, -0.012630962766706944, 0.19647608697414398], [0.265817254781723, 0.07182873785495758, 0.10639284551143646, 0.0, 0.19647608697414398], [0.265817254781723, 0.07182873785495758, 0.10639284551143646, -0.012630962766706944, 0.0]], "R_IDF": [[0.0, 0.11514152586460114, 0.07129137963056564, 0.0037798986304551363, 0.17631885409355164], [0.1862344592809677, 0.0, 0.07129137963056564, 0.0037798986304551363, 0.17631885409355164], [0.1862344592809677, 0.11514152586460114, 0.0, 0.0037798986304551363, 0.17631885409355164], [0.1862344592809677, 0.11514152586460114, 0.07129137963056564, 0.0, 0.17631885409355164], [0.1862344592809677, 0.11514152586460114, 0.07129137963056564, 0.0037798986304551363, 0.0]], "F1_IDF": [[0.0, 0.09486565738916397, 0.09026007354259491, -0.0028065780643373728, 0.1876988708972931], [0.22697508335113525, 0.0, 0.09026007354259491, -0.0028065780643373728, 0.1876988708972931], [0.22697508335113525, 0.09486565738916397, 0.0, -0.0028065780643373728, 0.1876988708972931], [0.22697508335113525, 0.09486565738916397, 0.09026007354259491, 0.0, 0.1876988708972931], [0.22697508335113525, 0.09486565738916397, 0.09026007354259491, -0.0028065780643373728, 0.0]], "P_noscale": [[0.0, 0.8763781785964966, 0.8824915885925293, 0.8606104850769043, 0.8919211626052856], [0.9029350280761719, 0.0, 0.8824915885925293, 0.8606104850769043, 0.8919211626052856], [0.9029350280761719, 0.8763781785964966, 0.0, 0.8606104850769043, 0.8919211626052856], [0.9029350280761719, 0.8763781785964966, 0.8824915885925293, 0.0, 0.8919211626052856], [0.9029350280761719, 0.8763781785964966, 0.8824915885925293, 0.8606104850769043, 0.0]], "R_noscale": [[0.0, 0.8803360462188721, 0.8801729679107666, 0.8560632467269897, 0.8886093497276306], [0.9037232398986816, 0.0, 0.8801729679107666, 0.8560632467269897, 0.8886093497276306], [0.9037232398986816, 0.8803360462188721, 0.0, 0.8560632467269897, 0.8886093497276306], [0.9037232398986816, 0.8803360462188721, 0.8801729679107666, 0.0, 0.8886093497276306], [0.9037232398986816, 0.8803360462188721, 0.8801729679107666, 0.8560632467269897, 0.0]], "F1_noscale": [[0.0, 0.878352701663971, 0.8813307881355286, 0.8583308458328247, 0.8902621865272522], [0.9033289551734924, 0.0, 0.8813307881355286, 0.8583308458328247, 0.8902621865272522], [0.9033289551734924, 0.878352701663971, 0.0, 0.8583308458328247, 0.8902621865272522], [0.9033289551734924, 0.878352701663971, 0.8813307881355286, 0.0, 0.8902621865272522], [0.9033289551734924, 0.878352701663971, 0.8813307881355286, 0.8583308458328247, 0.0]], "Score": 0.11939862142316997}}}, "ObjectSearchExperiment": {"Label": "Police Hat"}}
{"img_fn": "Image377.jpeg", "metadata_fn": "Image377.json", "img_id": "val-376", "annot_id": "val-378", "question": ["Where", "are", "these", "two", "people", "?"], "answer_choices": [["They", "are", "on", "the", "playground", "."], ["They", "are", "in", "a", "hospital", "."], ["They", "are", "in", "a", "classroom", "."], ["They", "are", "in", "a", "restaurant", "."]], "answer_label": 2, "CaptionExperiment": {"Humans": {"Captions": [" Two middle school kids talk in the doorway of a classroom.", "A young girl and boy talking to each other in a school classroom. ", "A middle school boy leaving the classroom while talking to a girl in the hallway.", "A girl comes to see the boy she has a crush on when the boy is about to leave.", " A girl and a boy greet each other after class. "], "Confidence": [-1, -1, 8, 8, -1], "P": [[0.0, 0.6236206293106079, 0.6865472197532654, 0.27462950348854065, 0.45476311445236206], [0.5162687301635742, 0.0, 0.5821375250816345, 0.2909313142299652, 0.6414768099784851], [0.581908643245697, 0.6205214262008667, 0.0, 0.3339659571647644, 0.437995046377182], [0.14175501465797424, 0.21940186619758606, 0.2848687767982483, 0.0, 0.25934508442878723], [0.410773366689682, 0.6976518034934998, 0.46558359265327454, 0.3759715259075165, 0.0]], "R": [[0.0, 0.5163017511367798, 0.5819377899169922, 0.14181481301784515, 0.41081440448760986], [0.623647153377533, 0.0, 0.6205478310585022, 0.2194562554359436, 0.6976728439331055], [0.686569094657898, 0.5821666121482849, 0.0, 0.2849186062812805, 0.46562081575393677], [0.2746800482273102, 0.290980726480484, 0.33401235938072205, 0.0, 0.3760150074958801], [0.45480111241340637, 0.641501784324646, 0.43803420662879944, 0.2593967020511627, 0.0]], "F1": [[0.0, 0.5701351165771484, 0.634344220161438, 0.20864950120449066, 0.43361932039260864], [0.5701358318328857, 0.0, 0.6019243001937866, 0.2561565041542053, 0.6699718832969666], [0.634344220161438, 0.6019243001937866, 0.0, 0.31044843792915344, 0.4526635706424713], [0.20864950120449066, 0.2561565041542053, 0.31044843792915344, 0.0, 0.31814420223236084], [0.43361932039260864, 0.6699718832969666, 0.4526635706424713, 0.31814420223236084, 0.0]], "P_IDF": [[0.0, 0.4973672330379486, 0.634319007396698, 0.08715208619832993, 0.33740827441215515], [0.45478788018226624, 0.0, 0.5269505381584167, 0.1793150156736374, 0.6182107329368591], [0.5207691192626953, 0.5124341249465942, 0.0, 0.1502966433763504, 0.3514772355556488], [-0.014787063002586365, 0.06463277339935303, 0.13487565517425537, 0.0, 0.1220388114452362], [0.3983263373374939, 0.6493848562240601, 0.4316215515136719, 0.3077665865421295, 0.0]], "R_IDF": [[0.0, 0.45482584834098816, 0.5208025574684143, -0.014716348610818386, 0.3983682692050934], [0.49740296602249146, 0.0, 0.5124680995941162, 0.06469795107841492, 0.6494096517562866], [0.6343445181846619, 0.5269834995269775, 0.0, 0.13493594527244568, 0.4316611588001251], [0.08721569180488586, 0.17937220633029938, 0.15035584568977356, 0.0, 0.3078148365020752], [0.3374544680118561, 0.618237316608429, 0.35152241587638855, 0.12209998816251755, 0.0]], "F1_IDF": [[0.0, 0.47686365246772766, 0.577661395072937, 0.037260353565216064, 0.3687416911125183], [0.47686365246772766, 0.0, 0.5204795002937317, 0.12278170138597488, 0.6343618631362915], [0.577661395072937, 0.5204795002937317, 0.0, 0.14399755001068115, 0.39225804805755615], [0.037260353565216064, 0.12278170138597488, 0.14399755001068115, 0.0, 0.21453353762626648], [0.3687416911125183, 0.6343618631362915, 0.39225804805755615, 0.21453353762626648, 0.0]], "P_noscale": [[0.0, 0.9365822672843933, 0.9471850395202637, 0.8777793049812317, 0.9081307649612427], [0.9184941053390503, 0.0, 0.9295926094055176, 0.880526065826416, 0.9395909309387207], [0.9295540452003479, 0.9360600709915161, 0.0, 0.8877771496772766, 0.9053054451942444], [0.855390727519989, 0.8684737682342529, 0.8795045614242554, 0.0, 0.8752039670944214], [0.9007187485694885, 0.949056088924408, 0.9099539518356323, 0.8948548436164856, 0.0]], "R_noscale": [[0.0, 0.9184939861297607, 0.9295540452003479, 0.855390727519989, 0.9007187485694885], [0.9365823268890381, 0.0, 0.9360600709915161, 0.8684737682342529, 0.949056088924408], [0.9471850395202637, 0.9295926094055176, 0.0, 0.8795045614242554, 0.9099539518356323], [0.8777793049812317, 0.880526065826416, 0.8877771496772766, 0.0, 0.8948548436164856], [0.9081307649612427, 0.9395909309387207, 0.9053054451942444, 0.8752039670944214, 0.0]], "F1_noscale": [[0.0, 0.9274498820304871, 0.9382867217063904, 0.8664404153823853, 0.9044095277786255], [0.9274500012397766, 0.0, 0.9328150749206543, 0.874458372592926, 0.9442997574806213], [0.9382867217063904, 0.9328150749206543, 0.0, 0.8836214542388916, 0.9076237082481384], [0.8664404153823853, 0.874458372592926, 0.8836214542388916, 0.0, 0.8849202990531921], [0.9044095277786255, 0.9442997574806213, 0.9076237082481384, 0.8849202990531921, 0.0]], "Score": 0.3488939292728901}, "Machines": {"Oscar": {"Captions": "a couple of people standing in a room.", "Confidence": 0.6598137021064758, "P": [[0.0, 0.5226227641105652, 0.4500957429409027, 0.26425087451934814, 0.3723820447921753], [0.48073041439056396, 0.0, 0.4500957429409027, 0.26425087451934814, 0.3723820447921753], [0.48073041439056396, 0.5226227641105652, 0.0, 0.26425087451934814, 0.3723820447921753], [0.48073041439056396, 0.5226227641105652, 0.4500957429409027, 0.0, 0.3723820447921753], [0.48073041439056396, 0.5226227641105652, 0.4500957429409027, 0.26425087451934814, 0.0]], "R": [[0.0, 0.3612438440322876, 0.32856854796409607, 0.15720324218273163, 0.2840788662433624], [0.36057811975479126, 0.0, 0.32856854796409607, 0.15720324218273163, 0.2840788662433624], [0.36057811975479126, 0.3612438440322876, 0.0, 0.15720324218273163, 0.2840788662433624], [0.36057811975479126, 0.3612438440322876, 0.32856854796409607, 0.0, 0.2840788662433624], [0.36057811975479126, 0.3612438440322876, 0.32856854796409607, 0.15720324218273163, 0.0]], "F1": [[0.0, 0.4416276216506958, 0.3896291255950928, 0.21145112812519073, 0.3289502263069153], [0.4209199845790863, 0.0, 0.3896291255950928, 0.21145112812519073, 0.3289502263069153], [0.4209199845790863, 0.4416276216506958, 0.0, 0.21145112812519073, 0.3289502263069153], [0.4209199845790863, 0.4416276216506958, 0.3896291255950928, 0.0, 0.3289502263069153], [0.4209199845790863, 0.4416276216506958, 0.3896291255950928, 0.21145112812519073, 0.0]], "P_IDF": [[0.0, 0.33532577753067017, 0.24210193753242493, 0.018589511513710022, 0.1771426498889923], [0.2880648970603943, 0.0, 0.24210193753242493, 0.018589511513710022, 0.1771426498889923], [0.2880648970603943, 0.33532577753067017, 0.0, 0.018589511513710022, 0.1771426498889923], [0.2880648970603943, 0.33532577753067017, 0.24210193753242493, 0.0, 0.1771426498889923], [0.2880648970603943, 0.33532577753067017, 0.24210193753242493, 0.018589511513710022, 0.0]], "R_IDF": [[0.0, 0.25497549772262573, 0.15877731144428253, 0.008409797213971615, 0.20053128898143768], [0.19146180152893066, 0.0, 0.15877731144428253, 0.008409797213971615, 0.20053128898143768], [0.19146180152893066, 0.25497549772262573, 0.0, 0.008409797213971615, 0.20053128898143768], [0.19146180152893066, 0.25497549772262573, 0.15877731144428253, 0.0, 0.20053128898143768], [0.19146180152893066, 0.25497549772262573, 0.15877731144428253, 0.008409797213971615, 0.0]], "F1_IDF": [[0.0, 0.29598575830459595, 0.2013990879058838, 0.015096968039870262, 0.19012898206710815], [0.24054603278636932, 0.0, 0.2013990879058838, 0.015096968039870262, 0.19012898206710815], [0.24054603278636932, 0.29598575830459595, 0.0, 0.015096968039870262, 0.19012898206710815], [0.24054603278636932, 0.29598575830459595, 0.2013990879058838, 0.0, 0.19012898206710815], [0.24054603278636932, 0.29598575830459595, 0.2013990879058838, 0.015096968039870262, 0.0]], "P_noscale": [[0.0, 0.9195647239685059, 0.9073443412780762, 0.8760305643081665, 0.8942500352859497], [0.912506103515625, 0.0, 0.9073443412780762, 0.8760305643081665, 0.8942500352859497], [0.912506103515625, 0.9195647239685059, 0.0, 0.8760305643081665, 0.8942500352859497], [0.912506103515625, 0.9195647239685059, 0.9073443412780762, 0.0, 0.8942500352859497], [0.912506103515625, 0.9195647239685059, 0.9073443412780762, 0.8760305643081665, 0.0]], "R_noscale": [[0.0, 0.8923658132553101, 0.8868598341941833, 0.8579837679862976, 0.8793630599975586], [0.8922536373138428, 0.0, 0.8868598341941833, 0.8579837679862976, 0.8793630599975586], [0.8922536373138428, 0.8923658132553101, 0.0, 0.8579837679862976, 0.8793630599975586], [0.8922536373138428, 0.8923658132553101, 0.8868598341941833, 0.0, 0.8793630599975586], [0.8922536373138428, 0.8923658132553101, 0.8868598341941833, 0.8579837679862976, 0.0]], "F1_noscale": [[0.0, 0.9057611227035522, 0.8969851136207581, 0.8669132590293884, 0.8867440819740295], [0.9022662043571472, 0.0, 0.8969851136207581, 0.8669132590293884, 0.8867440819740295], [0.9022662043571472, 0.9057611227035522, 0.0, 0.8669132590293884, 0.8867440819740295], [0.9022662043571472, 0.9057611227035522, 0.8969851136207581, 0.0, 0.8867440819740295], [0.9022662043571472, 0.9057611227035522, 0.8969851136207581, 0.8669132590293884, 0.0]], "Score": 0.1886313658207655}}}, "ObjectSearchExperiment": {"Label": "Chair"}}
{"img_fn": "Image677.jpeg", "metadata_fn": "Image677.json", "img_id": "val-676", "annot_id": "val-680", "question": ["What", "are", "they", "planning", "on", "doing", "?"], "answer_choices": [["They", "are", "planning", "to", "get", "to", "work", "in", "a", "hurry", "."], ["They", "are", "planning", "on", "preparing", "and", "cooking", "food", "."], ["They", "are", "trying", "to", "look", "approachable", "at", "a", "trade", "show", "."], ["They", "are", "planning", "on", "hurting", "someone", "."]], "answer_label": 3, "CaptionExperiment": {"Humans": {"Captions": [" A well-dressed gang waits in a subway car with weapons. ", "A group of men wearing suits in a subway cart holding knives. ", "A group of assassinators waiting for enemy in the subway.", "A person encounters with a Japanese gang who prevent him or her to get the tall guy at the end of the underground.", " A group of men with knives confront an enemy on a train. "], "Confidence": [-1, -1, 5, 7, -1], "P": [[0.0, 0.45237281918525696, 0.3906468152999878, 0.2702246308326721, 0.432015985250473], [0.4412619173526764, 0.0, 0.41498684883117676, 0.19211789965629578, 0.5268889665603638], [0.42026054859161377, 0.4690287411212921, 0.0, 0.310337632894516, 0.5629438161849976], [0.148175910115242, 0.10073179751634598, 0.1564430296421051, 0.0, 0.13908492028713226], [0.46387991309165955, 0.5968987345695496, 0.6066413521766663, 0.36372509598731995, 0.0]], "R": [[0.0, 0.4413001537322998, 0.4203009605407715, 0.1482352763414383, 0.4639172852039337], [0.45241063833236694, 0.0, 0.46906575560569763, 0.1007944643497467, 0.5969268679618835], [0.39068856835365295, 0.4150276184082031, 0.0, 0.15650181472301483, 0.6066687703132629], [0.2702754735946655, 0.19217419624328613, 0.31038570404052734, 0.0, 0.36376944184303284], [0.43205520510673523, 0.5269219875335693, 0.5629742741584778, 0.1391449123620987, 0.0]], "F1": [[0.0, 0.4477292001247406, 0.40639936923980713, 0.20978951454162598, 0.44881728291511536], [0.4477292001247406, 0.0, 0.44279834628105164, 0.14743100106716156, 0.5623984336853027], [0.4063990116119385, 0.44279834628105164, 0.0, 0.2335188090801239, 0.5853949189186096], [0.20978951454162598, 0.14743100106716156, 0.2335188090801239, 0.0, 0.25021877884864807], [0.4488169550895691, 0.5623984336853027, 0.5853949189186096, 0.25021877884864807, 0.0]], "P_IDF": [[0.0, 0.3059663772583008, 0.2446644902229309, 0.13815030455589294, 0.30111610889434814], [0.3277650773525238, 0.0, 0.22203092277050018, 0.007881173864006996, 0.40768900513648987], [0.22119995951652527, 0.23656222224235535, 0.0, 0.08056456595659256, 0.35808172821998596], [0.03325134515762329, -0.04252593591809273, 0.025681117549538612, 0.0, 0.0012363528367131948], [0.3198014795780182, 0.4523929953575134, 0.4646284580230713, 0.1940355747938156, 0.0]], "R_IDF": [[0.0, 0.32781192660331726, 0.22125458717346191, 0.033318713307380676, 0.31984853744506836], [0.3060147166252136, 0.0, 0.23661541938781738, -0.04245328903198242, 0.4524311423301697], [0.24471712112426758, 0.2220851331949234, 0.0, 0.02574901096522808, 0.4646657705307007], [0.13821037113666534, 0.007950308732688427, 0.0806286409497261, 0.0, 0.19409173727035522], [0.30116480588912964, 0.4077302813529968, 0.3581264615058899, 0.001305950339883566, 0.0]], "F1_IDF": [[0.0, 0.31797680258750916, 0.23417887091636658, 0.08667124062776566, 0.31158632040023804], [0.31797680258750916, 0.0, 0.23056532442569733, -0.01576303131878376, 0.43089398741722107], [0.23417887091636658, 0.23056532442569733, 0.0, 0.05454374477267265, 0.41180169582366943], [0.08667124062776566, -0.01576303131878376, 0.05454374477267265, 0.0, 0.09729012101888657], [0.31158632040023804, 0.43089398741722107, 0.41180169582366943, 0.09729012101888657, 0.0]], "P_noscale": [[0.0, 0.9077280163764954, 0.8973275423049927, 0.8770371079444885, 0.9042980074882507], [0.9058558940887451, 0.0, 0.9014286994934082, 0.8638765811920166, 0.9202835559844971], [0.9023172855377197, 0.9105344414710999, 0.0, 0.8837959170341492, 0.9263585805892944], [0.8564726114273071, 0.8484785556793213, 0.857865571975708, 0.0, 0.8549408316612244], [0.909666895866394, 0.9320797920227051, 0.9337213635444641, 0.8927913904190063, 0.0]], "R_noscale": [[0.0, 0.9058557748794556, 0.9023172855377197, 0.8564726114273071, 0.909666895866394], [0.9077279567718506, 0.0, 0.9105344414710999, 0.8484785556793213, 0.9320797920227051], [0.8973274230957031, 0.9014286994934082, 0.0, 0.857865571975708, 0.9337213635444641], [0.8770371079444885, 0.8638765811920166, 0.8837959170341492, 0.0, 0.8927913904190063], [0.904297947883606, 0.9202835559844971, 0.9263585805892944, 0.8549408316612244, 0.0]], "F1_noscale": [[0.0, 0.9067909121513367, 0.8998154997825623, 0.8666328191757202, 0.9069745540618896], [0.9067909121513367, 0.0, 0.9059587121009827, 0.8561083078384399, 0.9261441230773926], [0.8998154401779175, 0.9059587121009827, 0.0, 0.8706377148628235, 0.9300253391265869], [0.8666328191757202, 0.8561083078384399, 0.8706377148628235, 0.0, 0.8734562397003174], [0.9069744944572449, 0.9261441230773926, 0.9300253391265869, 0.8734562397003174, 0.0]], "Score": 0.21597450766712428}, "Machines": {"Oscar": {"Captions": "a group of young men standing next to each other on a train.", "Confidence": 0.6525234580039978, "P": [[0.0, 0.4762498140335083, 0.448416143655777, 0.25817275047302246, 0.51411372423172], [0.3170846998691559, 0.0, 0.448416143655777, 0.25817275047302246, 0.51411372423172], [0.3170846998691559, 0.4762498140335083, 0.0, 0.25817275047302246, 0.51411372423172], [0.3170846998691559, 0.4762498140335083, 0.448416143655777, 0.0, 0.51411372423172], [0.3170846998691559, 0.4762498140335083, 0.448416143655777, 0.25817275047302246, 0.0]], "R": [[0.0, 0.4330258369445801, 0.43356984853744507, 0.10180541127920151, 0.5363317131996155], [0.32624706625938416, 0.0, 0.43356984853744507, 0.10180541127920151, 0.5363317131996155], [0.32624706625938416, 0.4330258369445801, 0.0, 0.10180541127920151, 0.5363317131996155], [0.32624706625938416, 0.4330258369445801, 0.43356984853744507, 0.0, 0.5363317131996155], [0.32624706625938416, 0.4330258369445801, 0.43356984853744507, 0.10180541127920151, 0.0]], "F1": [[0.0, 0.45543625950813293, 0.4418907165527344, 0.18012461066246033, 0.5259718894958496], [0.32276424765586853, 0.0, 0.4418907165527344, 0.18012461066246033, 0.5259718894958496], [0.32276424765586853, 0.45543625950813293, 0.0, 0.18012461066246033, 0.5259718894958496], [0.32276424765586853, 0.45543625950813293, 0.4418907165527344, 0.0, 0.5259718894958496], [0.32276424765586853, 0.45543625950813293, 0.4418907165527344, 0.18012461066246033, 0.0]], "P_IDF": [[0.0, 0.3501439690589905, 0.291183203458786, 0.08330824971199036, 0.4119608998298645], [0.1602896898984909, 0.0, 0.291183203458786, 0.08330824971199036, 0.4119608998298645], [0.1602896898984909, 0.3501439690589905, 0.0, 0.08330824971199036, 0.4119608998298645], [0.1602896898984909, 0.3501439690589905, 0.291183203458786, 0.0, 0.4119608998298645], [0.1602896898984909, 0.3501439690589905, 0.291183203458786, 0.08330824971199036, 0.0]], "R_IDF": [[0.0, 0.2351895570755005, 0.1800266057252884, -0.04000304266810417, 0.33189213275909424], [0.1686338484287262, 0.0, 0.1800266057252884, -0.04000304266810417, 0.33189213275909424], [0.1686338484287262, 0.2351895570755005, 0.0, -0.04000304266810417, 0.33189213275909424], [0.1686338484287262, 0.2351895570755005, 0.1800266057252884, 0.0, 0.33189213275909424], [0.1686338484287262, 0.2351895570755005, 0.1800266057252884, -0.04000304266810417, 0.0]], "F1_IDF": [[0.0, 0.2931823432445526, 0.23624804615974426, 0.02247346192598343, 0.3726441562175751], [0.16581590473651886, 0.0, 0.23624804615974426, 0.02247346192598343, 0.3726441562175751], [0.16581590473651886, 0.2931823432445526, 0.0, 0.02247346192598343, 0.3726441562175751], [0.16581590473651886, 0.2931823432445526, 0.23624804615974426, 0.0, 0.3726441562175751], [0.16581590473651886, 0.2931823432445526, 0.23624804615974426, 0.02247346192598343, 0.0]], "P_noscale": [[0.0, 0.9117511510848999, 0.9070613384246826, 0.8750064373016357, 0.9181309938430786], [0.8849327564239502, 0.0, 0.9070613384246826, 0.8750064373016357, 0.9181309938430786], [0.8849327564239502, 0.9117511510848999, 0.0, 0.8750064373016357, 0.9181309938430786], [0.8849327564239502, 0.9117511510848999, 0.9070613384246826, 0.0, 0.9181309938430786], [0.8849327564239502, 0.9117511510848999, 0.9070613384246826, 0.8750064373016357, 0.0]], "R_noscale": [[0.0, 0.9044615030288696, 0.9045531749725342, 0.8486489057540894, 0.921869158744812], [0.8864686489105225, 0.0, 0.9045531749725342, 0.8486489057540894, 0.921869158744812], [0.8864686489105225, 0.9044615030288696, 0.0, 0.8486489057540894, 0.921869158744812], [0.8864686489105225, 0.9044615030288696, 0.9045531749725342, 0.0, 0.921869158744812], [0.8864686489105225, 0.9044615030288696, 0.9045531749725342, 0.8486489057540894, 0.0]], "F1_noscale": [[0.0, 0.90809166431427, 0.9058055281639099, 0.861626148223877, 0.9199962615966797], [0.8857000470161438, 0.0, 0.9058055281639099, 0.861626148223877, 0.9199962615966797], [0.8857000470161438, 0.90809166431427, 0.0, 0.861626148223877, 0.9199962615966797], [0.8857000470161438, 0.90809166431427, 0.9058055281639099, 0.0, 0.9199962615966797], [0.8857000470161438, 0.90809166431427, 0.9058055281639099, 0.861626148223877, 0.0]], "Score": 0.21807278245687484}}}, "ObjectSearchExperiment": {"Label": "Yellow Light"}}
