{"img_fn": "Image1032.jpeg", "metadata_fn": "Image1032.json", "img_id": "val-1031", "annot_id": "val-1035", "question": ["Who", "is", "Lucy", "?"], "answer_choices": [["She", "is", "the", "owner", "of", "a", "dog", "."], ["She", "is", "the", "person's", "mother", "."], ["She", "is", "a", "lost", "dog", "."], ["She", "is", "a", "photographer", "who", "is", "interested", "in", "shooting", "pets", "."]], "answer_label": 2, "CaptionExperiment": {"Humans": {"Captions": [" Someone puts up a ‘Missing Dog’ poster on a clustered wall full of other missing dogs posters. ", "A teenage boy tearing the phone number off a missing dog poster. ", "A person posting signs on a notice board in search of a missing dog", "A person collects lots of posters for missing dogs.", " Someone is looking at a missing dog ad on a board with similar missing dog ads. "], "Confidence": [-1, -1, 10, 7, 10], "P": [[0.0, 0.3148638606071472, 0.3283459544181824, 0.3640657365322113, 0.40415823459625244], [0.2883242070674896, 0.0, 0.41458427906036377, 0.3396977484226227, 0.31659403443336487], [0.38634735345840454, 0.5007278323173523, 0.0, 0.5365626215934753, 0.39356595277786255], [0.5304084420204163, 0.5676996111869812, 0.6367676854133606, 0.0, 0.4572191834449768], [0.4862014949321747, 0.3971904516220093, 0.39706701040267944, 0.35253459215164185, 0.0]], "R": [[0.0, 0.2883741557598114, 0.3863900899887085, 0.5304415225982666, 0.4862372875213623], [0.3149116039276123, 0.0, 0.5007626414299011, 0.5677297115325928, 0.3972324728965759], [0.32839345932006836, 0.41462472081184387, 0.0, 0.6367930173873901, 0.3971090018749237], [0.36410972476005554, 0.3397437632083893, 0.536594569683075, 0.0, 0.3525797128677368], [0.4041997790336609, 0.3166416585445404, 0.3936082124710083, 0.4572570025920868, 0.0]], "F1": [[0.0, 0.3027198314666748, 0.3582545518875122, 0.4468713700771332, 0.4457882344722748], [0.30271947383880615, 0.0, 0.45821282267570496, 0.452197402715683, 0.35765311121940613], [0.35825490951538086, 0.4582124650478363, 0.0, 0.5868972539901733, 0.39631977677345276], [0.4468713700771332, 0.452197402715683, 0.5868972539901733, 0.0, 0.40535223484039307], [0.4457882344722748, 0.35765311121940613, 0.39631977677345276, 0.40535223484039307, 0.0]], "P_IDF": [[0.0, 0.28902462124824524, 0.27675095200538635, 0.3610019385814667, 0.35419225692749023], [0.1706729382276535, 0.0, 0.2673313021659851, 0.22396664321422577, 0.20327161252498627], [0.26021814346313477, 0.37679964303970337, 0.0, 0.43816378712654114, 0.27307265996932983], [0.47502797842025757, 0.517749547958374, 0.5411726832389832, 0.0, 0.37855497002601624], [0.4667229950428009, 0.35104072093963623, 0.30623096227645874, 0.30759289860725403, 0.0]], "R_IDF": [[0.0, 0.17073072493076324, 0.26027002930641174, 0.47506454586982727, 0.46676015853881836], [0.2890741527080536, 0.0, 0.37684309482574463, 0.5177831649780273, 0.35108593106269836], [0.2768023908138275, 0.2673823833465576, 0.0, 0.5412046313285828, 0.3062793016433716], [0.3610464632511139, 0.22402071952819824, 0.4382025897502899, 0.0, 0.3076411485671997], [0.35423725843429565, 0.20332713425159454, 0.2731233239173889, 0.37859827280044556, 0.0]], "F1_IDF": [[0.0, 0.230449840426445, 0.2696857750415802, 0.4183743894100189, 0.410844624042511], [0.230449840426445, 0.0, 0.32262158393859863, 0.3678421974182129, 0.2773098349571228], [0.2696857750415802, 0.32262158393859863, 0.0, 0.4900270700454712, 0.2907780110836029], [0.4183743894100189, 0.3678421974182129, 0.49002671241760254, 0.0, 0.3439260721206665], [0.410844624042511, 0.2773098349571228, 0.2907780110836029, 0.3439260721206665, 0.0]], "P_noscale": [[0.0, 0.8845585584640503, 0.88683021068573, 0.892848789691925, 0.8996041417121887], [0.8800867795944214, 0.0, 0.9013608694076538, 0.8887429237365723, 0.8848500847816467], [0.8966031074523926, 0.9158755540847778, 0.0, 0.9219135046005249, 0.8978193998336792], [0.9208765625953674, 0.9271599054336548, 0.9387974739074707, 0.0, 0.9085446000099182], [0.9134279489517212, 0.8984301090240479, 0.8984093070030212, 0.8909058570861816, 0.0]], "R_noscale": [[0.0, 0.8800868391990662, 0.8966031074523926, 0.9208766222000122, 0.9134279489517212], [0.8845585584640503, 0.0, 0.9158755540847778, 0.9271599054336548, 0.8984301090240479], [0.8868303298950195, 0.901360809803009, 0.0, 0.9387974739074707, 0.8984093070030212], [0.8928487300872803, 0.8887429237365723, 0.9219134449958801, 0.0, 0.8909058570861816], [0.8996041417121887, 0.8848500847816467, 0.8978193998336792, 0.9085446000099182, 0.0]], "F1_noscale": [[0.0, 0.882317066192627, 0.8916898965835571, 0.9066461324691772, 0.9064633250236511], [0.8823170065879822, 0.0, 0.9085602760314941, 0.9075450301170349, 0.8915883898735046], [0.8916899561882019, 0.9085602164268494, 0.0, 0.9302788972854614, 0.8981143236160278], [0.9066461324691772, 0.9075450301170349, 0.9302788972854614, 0.0, 0.8996387720108032], [0.9064633250236511, 0.8915883898735046, 0.8981143236160278, 0.8996387720108032, 0.0]], "Score": 0.34218592196702957}, "Machines": {"Oscar": {"Captions": "a person holding a box with a picture of a dog on it.", "Confidence": 0.5699494481086731, "P": [[0.0, 0.43041667342185974, 0.4720051884651184, 0.42285245656967163, 0.35658925771713257], [0.359822541475296, 0.0, 0.4720051884651184, 0.42285245656967163, 0.35658925771713257], [0.359822541475296, 0.43041667342185974, 0.0, 0.42285245656967163, 0.35658925771713257], [0.359822541475296, 0.43041667342185974, 0.4720051884651184, 0.0, 0.35658925771713257], [0.359822541475296, 0.43041667342185974, 0.4720051884651184, 0.42285245656967163, 0.0]], "R": [[0.0, 0.31564274430274963, 0.35270562767982483, 0.446707546710968, 0.21205846965312958], [0.21933740377426147, 0.0, 0.35270562767982483, 0.446707546710968, 0.21205846965312958], [0.21933740377426147, 0.31564274430274963, 0.0, 0.446707546710968, 0.21205846965312958], [0.21933740377426147, 0.31564274430274963, 0.35270562767982483, 0.0, 0.21205846965312958], [0.21933740377426147, 0.31564274430274963, 0.35270562767982483, 0.446707546710968, 0.0]], "F1": [[0.0, 0.3734264075756073, 0.41264328360557556, 0.43567225337028503, 0.2844846844673157], [0.2897880971431732, 0.0, 0.41264328360557556, 0.43567225337028503, 0.2844846844673157], [0.2897880971431732, 0.3734264075756073, 0.0, 0.43567225337028503, 0.2844846844673157], [0.2897880971431732, 0.3734264075756073, 0.41264328360557556, 0.0, 0.2844846844673157], [0.2897880971431732, 0.3734264075756073, 0.41264328360557556, 0.43567225337028503, 0.0]], "P_IDF": [[0.0, 0.2699299454689026, 0.3138068616390228, 0.29428380727767944, 0.1903056502342224], [0.1914563924074173, 0.0, 0.3138068616390228, 0.29428380727767944, 0.1903056502342224], [0.1914563924074173, 0.2699299454689026, 0.0, 0.29428380727767944, 0.1903056502342224], [0.1914563924074173, 0.2699299454689026, 0.3138068616390228, 0.0, 0.1903056502342224], [0.1914563924074173, 0.2699299454689026, 0.3138068616390228, 0.29428380727767944, 0.0]], "R_IDF": [[0.0, 0.13667768239974976, 0.15683643519878387, 0.30260905623435974, 0.041334107518196106], [0.12829582393169403, 0.0, 0.15683643519878387, 0.30260905623435974, 0.041334107518196106], [0.12829582393169403, 0.13667768239974976, 0.0, 0.30260905623435974, 0.041334107518196106], [0.12829582393169403, 0.13667768239974976, 0.15683643519878387, 0.0, 0.041334107518196106], [0.12829582393169403, 0.13667768239974976, 0.15683643519878387, 0.30260905623435974, 0.0]], "F1_IDF": [[0.0, 0.203732430934906, 0.23537079989910126, 0.2995830476284027, 0.11615602672100067], [0.16104432940483093, 0.0, 0.23537079989910126, 0.2995830476284027, 0.11615602672100067], [0.16104432940483093, 0.203732430934906, 0.0, 0.2995830476284027, 0.11615602672100067], [0.16104432940483093, 0.203732430934906, 0.23537079989910126, 0.0, 0.11615602672100067], [0.16104432940483093, 0.203732430934906, 0.23537079989910126, 0.2995830476284027, 0.0]], "P_noscale": [[0.0, 0.9040285348892212, 0.91103595495224, 0.902754008769989, 0.8915890455245972], [0.8921338319778442, 0.0, 0.91103595495224, 0.902754008769989, 0.8915890455245972], [0.8921338319778442, 0.9040285348892212, 0.0, 0.902754008769989, 0.8915890455245972], [0.8921338319778442, 0.9040285348892212, 0.91103595495224, 0.0, 0.8915890455245972], [0.8921338319778442, 0.9040285348892212, 0.91103595495224, 0.902754008769989, 0.0]], "R_noscale": [[0.0, 0.884681761264801, 0.8909270763397217, 0.906766951084137, 0.8672271966934204], [0.8684537410736084, 0.0, 0.8909270763397217, 0.906766951084137, 0.8672271966934204], [0.8684537410736084, 0.884681761264801, 0.0, 0.906766951084137, 0.8672271966934204], [0.8684537410736084, 0.884681761264801, 0.8909270763397217, 0.0, 0.8672271966934204], [0.8684537410736084, 0.884681761264801, 0.8909270763397217, 0.906766951084137, 0.0]], "F1_noscale": [[0.0, 0.8942505121231079, 0.9008693099021912, 0.9047560095787048, 0.8792394399642944], [0.8801345229148865, 0.0, 0.9008693099021912, 0.9047560095787048, 0.8792394399642944], [0.8801345229148865, 0.8942505121231079, 0.0, 0.9047560095787048, 0.8792394399642944], [0.8801345229148865, 0.8942505121231079, 0.9008693099021912, 0.0, 0.8792394399642944], [0.8801345229148865, 0.8942505121231079, 0.9008693099021912, 0.9047560095787048, 0.0]], "Score": 0.2031773269176483}}}, "ObjectSearchExperiment": {"Label": "Plate"}}
{"img_fn": "Image889.jpeg", "metadata_fn": "Image889.json", "img_id": "val-888", "annot_id": "val-892", "question": ["What", "is", "the", "man", "going", "to", "do", "next", "?"], "answer_choices": [["He", "is", "going", "to", "swim", "in", "the", "river", "."], ["He", "is", "going", "to", "show", "off", "the", "fish", "he", "caught", "."], ["He", "is", "going", "to", "try", "to", "catch", "a", "fish", "."], ["He", "is", "going", "to", "change", "his", "clothes", "."]], "answer_label": 1, "CaptionExperiment": {"Humans": {"Captions": [" A young man holds up a fish proudly after catching it in a nearby stream. ", "A man standing by a river holding a fish he just caught. ", "A fisher returning home after he caught a fish.", "A man is fishing beside a river, walking to his camp.", " A man just caught a large fish in a nearby river. "], "Confidence": [-1, -1, 7, 5, 10], "P": [[0.0, 0.6367124915122986, 0.49620941281318665, 0.43863746523857117, 0.5761828422546387], [0.6540992856025696, 0.0, 0.5816429853439331, 0.550122857093811, 0.5768344402313232], [0.5820529460906982, 0.6432883143424988, 0.0, 0.42772889137268066, 0.5088301301002502], [0.3754929006099701, 0.5377140641212463, 0.3429529368877411, 0.0, 0.38870471715927124], [0.725066602230072, 0.6933745741844177, 0.5311912894248962, 0.5141505002975464, 0.0]], "R": [[0.0, 0.6541233658790588, 0.5820820927619934, 0.37553641200065613, 0.7250857949256897], [0.6367378234863281, 0.0, 0.6433131694793701, 0.5377463102340698, 0.6933959722518921], [0.49624451994895935, 0.5816721320152283, 0.0, 0.342998743057251, 0.5312239527702332], [0.4386765658855438, 0.5501542091369629, 0.4277687668800354, 0.0, 0.5141843557357788], [0.5762124061584473, 0.5768639445304871, 0.5088643431663513, 0.38874733448028564, 0.0]], "F1": [[0.0, 0.6459808945655823, 0.5395601391792297, 0.4078628718852997, 0.650213897228241], [0.6459808945655823, 0.0, 0.6129376888275146, 0.5446682572364807, 0.6351017355918884], [0.5395601391792297, 0.6129376888275146, 0.0, 0.38602402806282043, 0.5207842588424683], [0.4078628718852997, 0.5446682572364807, 0.38602402806282043, 0.0, 0.45160868763923645], [0.650213897228241, 0.6351017355918884, 0.5207842588424683, 0.45160868763923645, 0.0]], "P_IDF": [[0.0, 0.5662948489189148, 0.4268884062767029, 0.3211917281150818, 0.4998742341995239], [0.6181148290634155, 0.0, 0.5357164740562439, 0.43918752670288086, 0.5711143612861633], [0.5037184357643127, 0.5332239270210266, 0.0, 0.279148668050766, 0.3722069263458252], [0.2546982169151306, 0.4278498888015747, 0.19502395391464233, 0.0, 0.2633112967014313], [0.6814330816268921, 0.6288543343544006, 0.42449209094047546, 0.3442384600639343, 0.0]], "R_IDF": [[0.0, 0.6181414723396301, 0.5037530064582825, 0.25475016236305237, 0.6814553141593933], [0.5663250684738159, 0.0, 0.533256471157074, 0.42788976430892944, 0.6288802027702332], [0.4269283413887024, 0.5357487797737122, 0.0, 0.19508004188537598, 0.4245322048664093], [0.32123902440071106, 0.4392266273498535, 0.27919888496398926, 0.0, 0.34428417682647705], [0.49990910291671753, 0.5711442232131958, 0.37225067615509033, 0.2633626461029053, 0.0]], "F1_IDF": [[0.0, 0.592760443687439, 0.46591776609420776, 0.28891509771347046, 0.5898440480232239], [0.592760443687439, 0.0, 0.5352423787117004, 0.43445277214050293, 0.6004982590675354], [0.46591776609420776, 0.5352423787117004, 0.0, 0.23801033198833466, 0.3992202877998352], [0.28891509771347046, 0.43445277214050293, 0.23801033198833466, 0.0, 0.3046184480190277], [0.5898440480232239, 0.6004982590675354, 0.3992202877998352, 0.3046184480190277, 0.0]], "P_noscale": [[0.0, 0.9387881755828857, 0.9151142239570618, 0.9054136872291565, 0.9285892844200134], [0.9417177438735962, 0.0, 0.9295092821121216, 0.9241983294487, 0.9286990761756897], [0.9295783638954163, 0.9398961663246155, 0.0, 0.9035756587982178, 0.9172407388687134], [0.8947741985321045, 0.9221075177192688, 0.8892914056777954, 0.0, 0.8970003128051758], [0.9536753296852112, 0.9483354091644287, 0.9210084676742554, 0.9181371927261353, 0.0]], "R_noscale": [[0.0, 0.9417177438735962, 0.9295783638954163, 0.8947741985321045, 0.9536753296852112], [0.9387881755828857, 0.0, 0.9398961663246155, 0.9221075177192688, 0.9483354091644287], [0.9151142239570618, 0.9295092821121216, 0.0, 0.8892914056777954, 0.9210084676742554], [0.9054136872291565, 0.9241983294487, 0.9035756587982178, 0.0, 0.9181371927261353], [0.9285892844200134, 0.9286990761756897, 0.9172407388687134, 0.8970003128051758, 0.0]], "F1_noscale": [[0.0, 0.9402506947517395, 0.9222896099090576, 0.9000625014305115, 0.9409651160240173], [0.9402506947517395, 0.0, 0.9346738457679749, 0.9231517314910889, 0.9384145736694336], [0.9222896099090576, 0.9346738457679749, 0.0, 0.8963766694068909, 0.919120728969574], [0.9000625014305115, 0.9231517314910889, 0.8963766694068909, 0.0, 0.9074456691741943], [0.9409651160240173, 0.9384145736694336, 0.919120728969574, 0.9074456691741943, 0.0]], "Score": 0.44494798332452773}, "Machines": {"Oscar": {"Captions": "a man standing on a rocky beach next to the ocean.", "Confidence": 0.6096147894859314, "P": [[0.0, 0.6524472236633301, 0.46521568298339844, 0.5445941090583801, 0.4795294404029846], [0.4878450036048889, 0.0, 0.46521568298339844, 0.5445941090583801, 0.4795294404029846], [0.4878450036048889, 0.6524472236633301, 0.0, 0.5445941090583801, 0.4795294404029846], [0.4878450036048889, 0.6524472236633301, 0.46521568298339844, 0.0, 0.4795294404029846], [0.4878450036048889, 0.6524472236633301, 0.46521568298339844, 0.5445941090583801, 0.0]], "R": [[0.0, 0.5047031044960022, 0.3831365406513214, 0.4164665639400482, 0.42962440848350525], [0.3791182339191437, 0.0, 0.3831365406513214, 0.4164665639400482, 0.42962440848350525], [0.3791182339191437, 0.5047031044960022, 0.0, 0.4164665639400482, 0.42962440848350525], [0.3791182339191437, 0.5047031044960022, 0.3831365406513214, 0.0, 0.42962440848350525], [0.3791182339191437, 0.5047031044960022, 0.3831365406513214, 0.4164665639400482, 0.0]], "F1": [[0.0, 0.578268826007843, 0.424795925617218, 0.4806152880191803, 0.45534655451774597], [0.43384993076324463, 0.0, 0.424795925617218, 0.4806152880191803, 0.45534655451774597], [0.43384993076324463, 0.578268826007843, 0.0, 0.4806152880191803, 0.45534655451774597], [0.43384993076324463, 0.578268826007843, 0.424795925617218, 0.0, 0.45534655451774597], [0.43384993076324463, 0.578268826007843, 0.424795925617218, 0.4806152880191803, 0.0]], "P_IDF": [[0.0, 0.42937135696411133, 0.23728103935718536, 0.3510063886642456, 0.23801153898239136], [0.2934669852256775, 0.0, 0.23728103935718536, 0.3510063886642456, 0.23801153898239136], [0.2934669852256775, 0.42937135696411133, 0.0, 0.3510063886642456, 0.23801153898239136], [0.2934669852256775, 0.42937135696411133, 0.23728103935718536, 0.0, 0.23801153898239136], [0.2934669852256775, 0.42937135696411133, 0.23728103935718536, 0.3510063886642456, 0.0]], "R_IDF": [[0.0, 0.26711246371269226, 0.19559825956821442, 0.2592311501502991, 0.16220737993717194], [0.2113683521747589, 0.0, 0.19559825956821442, 0.2592311501502991, 0.16220737993717194], [0.2113683521747589, 0.26711246371269226, 0.0, 0.2592311501502991, 0.16220737993717194], [0.2113683521747589, 0.26711246371269226, 0.19559825956821442, 0.0, 0.16220737993717194], [0.2113683521747589, 0.26711246371269226, 0.19559825956821442, 0.2592311501502991, 0.0]], "F1_IDF": [[0.0, 0.3480534851551056, 0.21762758493423462, 0.30584460496902466, 0.20112821459770203], [0.253306120634079, 0.0, 0.21762758493423462, 0.30584460496902466, 0.20112821459770203], [0.253306120634079, 0.3480534851551056, 0.0, 0.30584460496902466, 0.20112821459770203], [0.253306120634079, 0.3480534851551056, 0.21762758493423462, 0.0, 0.20112821459770203], [0.253306120634079, 0.3480534851551056, 0.21762758493423462, 0.30584460496902466, 0.0]], "P_noscale": [[0.0, 0.9414393901824951, 0.9098919630050659, 0.9232667684555054, 0.9123037457466125], [0.9137048721313477, 0.0, 0.9098919630050659, 0.9232667684555054, 0.9123037457466125], [0.9137048721313477, 0.9414393901824951, 0.0, 0.9232667684555054, 0.9123037457466125], [0.9137048721313477, 0.9414393901824951, 0.9098919630050659, 0.0, 0.9123037457466125], [0.9137048721313477, 0.9414393901824951, 0.9098919630050659, 0.9232667684555054, 0.0]], "R_noscale": [[0.0, 0.9165395498275757, 0.8960548639297485, 0.9016711711883545, 0.9038883447647095], [0.8953777551651001, 0.0, 0.8960548639297485, 0.9016711711883545, 0.9038883447647095], [0.8953777551651001, 0.9165395498275757, 0.0, 0.9016711711883545, 0.9038883447647095], [0.8953777551651001, 0.9165395498275757, 0.8960548639297485, 0.0, 0.9038883447647095], [0.8953777551651001, 0.9165395498275757, 0.8960548639297485, 0.9016711711883545, 0.0]], "F1_noscale": [[0.0, 0.9288226366043091, 0.9029203653335571, 0.9123412370681763, 0.9080765247344971], [0.9044484496116638, 0.0, 0.9029203653335571, 0.9123412370681763, 0.9080765247344971], [0.9044484496116638, 0.9288226366043091, 0.0, 0.9123412370681763, 0.9080765247344971], [0.9044484496116638, 0.9288226366043091, 0.9029203653335571, 0.0, 0.9080765247344971], [0.9044484496116638, 0.9288226366043091, 0.9029203653335571, 0.9123412370681763, 0.0]], "Score": 0.2651920020580292}}}, "ObjectSearchExperiment": {"Label": "Button"}}
{"img_fn": "Image555.jpeg", "metadata_fn": "Image555.json", "img_id": "val-554", "annot_id": "val-557", "question": ["What", "is", "this", "woman", "doing", "?"], "answer_label": 0, "answer_choices": [["She", "is", "playing", "the", "guitar", "."], ["She", "is", "playing", "the", "piano", "."], ["She", "is", "playing", "a", "violin", "."], ["She", "is", "not", "doing", "anything", "related", "to", "music", "."]], "CaptionExperiment": {"Humans": {"Captions": [" A woman plays the guitar, deep into the song. ", "A woman playing the guitar in a home music studio. ", "A female musician playing guitar in her home studio.", "A woman is singing and playing her guitar inside her music studio. ", " A woman is playing on a guitar. "], "Confidence": [-1, -1, 7, 9, 7], "P": [[0.0, 0.5272406339645386, 0.3904748857021332, 0.5202897787094116, 0.5527724623680115], [0.4881103038787842, 0.0, 0.7417476773262024, 0.6948741674423218, 0.574216365814209], [0.3775389790534973, 0.7542908787727356, 0.0, 0.6740747690200806, 0.49662965536117554], [0.455888032913208, 0.6540486812591553, 0.612824559211731, 0.0, 0.577511191368103], [0.6632815003395081, 0.7099604606628418, 0.5904548764228821, 0.7540761828422546, 0.0]], "R": [[0.0, 0.48814597725868225, 0.3775823712348938, 0.45592594146728516, 0.6633049845695496], [0.5272735357284546, 0.0, 0.7543079853057861, 0.6540727615356445, 0.7099806666374207], [0.39051735401153564, 0.7417656779289246, 0.0, 0.6128515005111694, 0.5904834270477295], [0.5203232169151306, 0.6948953866958618, 0.67409747838974, 0.0, 0.7540932893753052], [0.552803635597229, 0.5742460489273071, 0.49666473269462585, 0.5775406360626221, 0.0]], "F1": [[0.0, 0.5084221959114075, 0.3850214183330536, 0.48874756693840027, 0.6081275939941406], [0.5084221959114075, 0.0, 0.7484303712844849, 0.6749274730682373, 0.6418577432632446], [0.3850214183330536, 0.7484303712844849, 0.0, 0.6438735723495483, 0.5438991189002991], [0.48874756693840027, 0.6749274730682373, 0.6438735723495483, 0.0, 0.6649594902992249], [0.6081275939941406, 0.6418577432632446, 0.5438991189002991, 0.6649594902992249, 0.0]], "P_IDF": [[0.0, 0.37707486748695374, 0.24211502075195312, 0.36413365602493286, 0.39455926418304443], [0.39832139015197754, 0.0, 0.7186683416366577, 0.71187424659729, 0.45830872654914856], [0.29389503598213196, 0.6813372373580933, 0.0, 0.6224372982978821, 0.4008910357952118], [0.3707321584224701, 0.6477006673812866, 0.5952057242393494, 0.0, 0.4734863340854645], [0.6896021962165833, 0.749848484992981, 0.6358811855316162, 0.7907348275184631, 0.0]], "R_IDF": [[0.0, 0.398363322019577, 0.29394423961639404, 0.3707759976387024, 0.6896238327026367], [0.3771182894706726, 0.0, 0.6813594102859497, 0.6477252244949341, 0.7498659491539001], [0.24216783046722412, 0.7186879515647888, 0.0, 0.5952339172363281, 0.6359065771102905], [0.36417797207832336, 0.7118943333625793, 0.6224636435508728, 0.0, 0.7907493710517883], [0.3946014642715454, 0.45834648609161377, 0.40093275904655457, 0.47352302074432373, 0.0]], "F1_IDF": [[0.0, 0.388693243265152, 0.26909139752388, 0.3684803545475006, 0.5388739705085754], [0.388693243265152, 0.0, 0.7004388570785522, 0.6801359057426453, 0.6009057760238647], [0.26909139752388, 0.7004388570785522, 0.0, 0.6094374656677246, 0.5166579484939575], [0.3684803545475006, 0.6801359057426453, 0.6094374656677246, 0.0, 0.6282087564468384], [0.5388739705085754, 0.6009057760238647, 0.5166579484939575, 0.6282087564468384, 0.0]], "P_noscale": [[0.0, 0.9203428030014038, 0.8972985744476318, 0.9191716313362122, 0.9246447682380676], [0.9137495756149292, 0.0, 0.9564859867095947, 0.9485880732536316, 0.928257942199707], [0.8951189517974854, 0.9585994482040405, 0.0, 0.945083498954773, 0.9151850342750549], [0.9083203077316284, 0.9417092204093933, 0.9347631931304932, 0.0, 0.928813099861145], [0.943264901638031, 0.9511300325393677, 0.9309940338134766, 0.9585632681846619, 0.0]], "R_noscale": [[0.0, 0.9137495756149292, 0.8951189517974854, 0.9083203077316284, 0.943264901638031], [0.9203428030014038, 0.0, 0.9585994482040405, 0.9417092204093933, 0.9511300325393677], [0.8972985744476318, 0.9564859867095947, 0.0, 0.9347631931304932, 0.9309940338134766], [0.9191716313362122, 0.9485880732536316, 0.945083498954773, 0.0, 0.9585632681846619], [0.9246447682380676, 0.928257942199707, 0.9151850342750549, 0.928813099861145, 0.0]], "F1_noscale": [[0.0, 0.9170343279838562, 0.8962074518203735, 0.9137137532234192, 0.933862030506134], [0.9170343279838562, 0.0, 0.9575415253639221, 0.9451361298561096, 0.9395548105239868], [0.8962074518203735, 0.9575415253639221, 0.0, 0.9398950338363647, 0.9230219125747681], [0.9137137532234192, 0.9451361298561096, 0.9398950338363647, 0.0, 0.9434537887573242], [0.933862030506134, 0.9395548105239868, 0.9230219125747681, 0.9434537887573242, 0.0]], "Score": 0.5300923675298691}, "Machines": {"Oscar": {"Captions": "a woman sitting at a table with a guitar in front of her.", "Confidence": 0.567218542098999, "P": [[0.0, 0.5051741003990173, 0.47913500666618347, 0.48317092657089233, 0.5346269011497498], [0.40481022000312805, 0.0, 0.47913500666618347, 0.48317092657089233, 0.5346269011497498], [0.40481022000312805, 0.5051741003990173, 0.0, 0.48317092657089233, 0.5346269011497498], [0.40481022000312805, 0.5051741003990173, 0.47913500666618347, 0.0, 0.5346269011497498], [0.40481022000312805, 0.5051741003990173, 0.47913500666618347, 0.48317092657089233, 0.0]], "R": [[0.0, 0.5473353862762451, 0.5345305800437927, 0.5217717289924622, 0.6740971207618713], [0.4630683362483978, 0.0, 0.5345305800437927, 0.5217717289924622, 0.6740971207618713], [0.4630683362483978, 0.5473353862762451, 0.0, 0.5217717289924622, 0.6740971207618713], [0.4630683362483978, 0.5473353862762451, 0.5345305800437927, 0.0, 0.6740971207618713], [0.4630683362483978, 0.5473353862762451, 0.5345305800437927, 0.5217717289924622, 0.0]], "F1": [[0.0, 0.5269441604614258, 0.5074944496154785, 0.503212034702301, 0.6041308641433716], [0.43470248579978943, 0.0, 0.5074944496154785, 0.503212034702301, 0.6041308641433716], [0.43470248579978943, 0.5269441604614258, 0.0, 0.503212034702301, 0.6041308641433716], [0.43470248579978943, 0.5269441604614258, 0.5074944496154785, 0.0, 0.6041308641433716], [0.43470248579978943, 0.5269441604614258, 0.5074944496154785, 0.503212034702301, 0.0]], "P_IDF": [[0.0, 0.38449370861053467, 0.38623449206352234, 0.4029735326766968, 0.4064165949821472], [0.2713675796985626, 0.0, 0.38623449206352234, 0.4029735326766968, 0.4064165949821472], [0.2713675796985626, 0.38449370861053467, 0.0, 0.4029735326766968, 0.4064165949821472], [0.2713675796985626, 0.38449370861053467, 0.38623449206352234, 0.0, 0.4064165949821472], [0.2713675796985626, 0.38449370861053467, 0.38623449206352234, 0.4029735326766968, 0.0]], "R_IDF": [[0.0, 0.44092732667922974, 0.4304981231689453, 0.44501709938049316, 0.638373076915741], [0.2753227651119232, 0.0, 0.4304981231689453, 0.44501709938049316, 0.638373076915741], [0.2753227651119232, 0.44092732667922974, 0.0, 0.44501709938049316, 0.638373076915741], [0.2753227651119232, 0.44092732667922974, 0.4304981231689453, 0.0, 0.638373076915741], [0.2753227651119232, 0.44092732667922974, 0.4304981231689453, 0.44501709938049316, 0.0]], "F1_IDF": [[0.0, 0.4135173559188843, 0.4092370271682739, 0.42484959959983826, 0.5207147002220154], [0.27452516555786133, 0.0, 0.4092370271682739, 0.42484959959983826, 0.5207147002220154], [0.27452516555786133, 0.4135173559188843, 0.0, 0.42484959959983826, 0.5207147002220154], [0.27452516555786133, 0.4135173559188843, 0.4092370271682739, 0.0, 0.5207147002220154], [0.27452516555786133, 0.4135173559188843, 0.4092370271682739, 0.42484959959983826, 0.0]], "P_noscale": [[0.0, 0.9166247248649597, 0.912237286567688, 0.9129173159599304, 0.921587347984314], [0.8997139930725098, 0.0, 0.912237286567688, 0.9129173159599304, 0.921587347984314], [0.8997139930725098, 0.9166247248649597, 0.0, 0.9129173159599304, 0.921587347984314], [0.8997139930725098, 0.9166247248649597, 0.912237286567688, 0.0, 0.921587347984314], [0.8997139930725098, 0.9166247248649597, 0.912237286567688, 0.9129173159599304, 0.0]], "R_noscale": [[0.0, 0.9237233400344849, 0.9215656518936157, 0.9194157123565674, 0.9450834393501282], [0.9095238447189331, 0.0, 0.9215656518936157, 0.9194157123565674, 0.9450834393501282], [0.9095238447189331, 0.9237233400344849, 0.0, 0.9194157123565674, 0.9450834393501282], [0.9095238447189331, 0.9237233400344849, 0.9215656518936157, 0.0, 0.9450834393501282], [0.9095238447189331, 0.9237233400344849, 0.9215656518936157, 0.9194157123565674, 0.0]], "F1_noscale": [[0.0, 0.9201603531837463, 0.9168777465820312, 0.9161549806594849, 0.9331874847412109], [0.9045923352241516, 0.0, 0.9168777465820312, 0.9161549806594849, 0.9331874847412109], [0.9045923352241516, 0.9201603531837463, 0.0, 0.9161549806594849, 0.9331874847412109], [0.9045923352241516, 0.9201603531837463, 0.9168777465820312, 0.0, 0.9331874847412109], [0.9045923352241516, 0.9201603531837463, 0.9168777465820312, 0.9161549806594849, 0.0]], "Score": 0.40856876969337463}}}, "ObjectSearchExperiment": {"Label": "Street Sign"}}
{"img_fn": "Image783.jpeg", "metadata_fn": "Image783.json", "img_id": "val-782", "annot_id": "val-786", "question": ["Why", "is", "this", "woman", "grabbing", "her", "necklace", "?"], "answer_label": 0, "answer_choices": [["She", "is", "adjusting", "it", "to", "look", "nice", "."], ["She", "is", "trying", "to", "prevent", "someone", "from", "strangling", "her", "."], ["She", "is", "stopping", "someone", "from", "trying", "to", "steal", "it", "."], ["She", "is", "taking", "it", "off", "to", "give", "to", "someone", "."]], "CaptionExperiment": {"Humans": {"Captions": [" An attractive woman adjusts a gaudy gold necklace as someone behind her fastens it onto her. ", "Someone hooking an extravagant gold necklace on a dressed-up woman looking at herself in a mirror in her room. ", "A woman putting on gold jewelries.", "A maid is helping the queen to put on her expansive jewelry.", " A woman is dressing up in a fancy outfit with the help of someone else. "], "Confidence": [-1, -1, 7, 6, 8], "P": [[0.0, 0.3713243305683136, 0.2540261149406433, 0.20703443884849548, 0.2738056182861328], [0.37982597947120667, 0.0, 0.2540763318538666, 0.16968809068202972, 0.28521084785461426], [0.516316831111908, 0.5254888534545898, 0.0, 0.4408795237541199, 0.45204100012779236], [0.2796470820903778, 0.21504437923431396, 0.34938374161720276, 0.0, 0.2978259027004242], [0.42728352546691895, 0.3773617744445801, 0.32563552260398865, 0.36082223057746887, 0.0]], "R": [[0.0, 0.3798691928386688, 0.5163505673408508, 0.2796972692012787, 0.42732343077659607], [0.3713681399822235, 0.0, 0.5255219340324402, 0.21509908139705658, 0.3774051368236542], [0.25407809019088745, 0.2541283071041107, 0.0, 0.34942910075187683, 0.32568252086639404], [0.20708969235420227, 0.16974595189094543, 0.4409184753894806, 0.0, 0.3608667552471161], [0.2738562226295471, 0.2852606475353241, 0.4520792067050934, 0.2978748381137848, 0.0]], "F1": [[0.0, 0.37660840153694153, 0.38296425342559814, 0.2443421632051468, 0.3505100607872009], [0.37660840153694153, 0.0, 0.38734203577041626, 0.19360657036304474, 0.33199343085289], [0.38296425342559814, 0.38734203577041626, 0.0, 0.39574339985847473, 0.3891032636165619], [0.2443421632051468, 0.19360657036304474, 0.39574339985847473, 0.0, 0.330249160528183], [0.3505100607872009, 0.33199343085289, 0.3891032636165619, 0.330249160528183, 0.0]], "P_IDF": [[0.0, 0.2996395528316498, 0.17442232370376587, 0.11400021612644196, 0.16038945317268372], [0.3506448566913605, 0.0, 0.20789547264575958, 0.11012666672468185, 0.21694189310073853], [0.4097962975502014, 0.4404652714729309, 0.0, 0.303565114736557, 0.259398490190506], [0.14322377741336823, 0.11164496093988419, 0.20941057801246643, 0.0, 0.12242616713047028], [0.2665169835090637, 0.1694401204586029, 0.1153487116098404, 0.18001191318035126, 0.0]], "R_IDF": [[0.0, 0.3506901264190674, 0.40983742475509644, 0.14328348636627197, 0.2665680944919586], [0.2996883690357208, 0.0, 0.4405042827129364, 0.11170686036348343, 0.1694979965686798], [0.17447984218597412, 0.2079506665468216, 0.0, 0.20946566760540009, 0.11541035771369934], [0.11406195908784866, 0.11018867790699005, 0.30361366271972656, 0.0, 0.18006904423236847], [0.16044795513153076, 0.2169964611530304, 0.25945010781288147, 0.12248732149600983, 0.0]], "F1_IDF": [[0.0, 0.32613837718963623, 0.2906385362148285, 0.13001586496829987, 0.21421250700950623], [0.32613837718963623, 0.0, 0.3227349519729614, 0.11236095428466797, 0.19441990554332733], [0.2906385362148285, 0.3227349519729614, 0.0, 0.2572954297065735, 0.18771123886108398], [0.13001586496829987, 0.11236095428466797, 0.2572954297065735, 0.0, 0.1524653136730194], [0.21421250700950623, 0.19441990554332733, 0.18771123886108398, 0.1524653136730194, 0.0]], "P_noscale": [[0.0, 0.8940718173980713, 0.8743077516555786, 0.8663899302482605, 0.8776404857635498], [0.8955042958259583, 0.0, 0.8743162155151367, 0.8600972890853882, 0.8795621991157532], [0.9185022115707397, 0.9200476408004761, 0.0, 0.9057914614677429, 0.907672107219696], [0.8786247372627258, 0.8677395582199097, 0.8903749585151672, 0.0, 0.8816877603530884], [0.9035006165504456, 0.8950890898704529, 0.8863735198974609, 0.8923022747039795, 0.0]], "R_noscale": [[0.0, 0.8955042958259583, 0.9185022115707397, 0.8786247372627258, 0.9035006165504456], [0.8940718173980713, 0.0, 0.9200476408004761, 0.8677395582199097, 0.8950890898704529], [0.8743077516555786, 0.8743162155151367, 0.0, 0.8903749585151672, 0.8863735198974609], [0.8663899302482605, 0.8600972890853882, 0.9057914614677429, 0.0, 0.8923022747039795], [0.8776404857635498, 0.8795621991157532, 0.907672107219696, 0.8816877603530884, 0.0]], "F1_noscale": [[0.0, 0.8947875499725342, 0.8958602547645569, 0.8724644184112549, 0.8903828263282776], [0.8947875499725342, 0.0, 0.8965991139411926, 0.8639015555381775, 0.8872576951980591], [0.8958602547645569, 0.8965991139411926, 0.0, 0.8980170488357544, 0.8968963623046875], [0.8724644184112549, 0.8639015555381775, 0.8980170488357544, 0.0, 0.8869633078575134], [0.8903828263282776, 0.8872576951980591, 0.8968963623046875, 0.8869633078575134, 0.0]], "Score": 0.21879930794239044}, "Machines": {"Oscar": {"Captions": "a woman wearing a yellow dress sitting in a chair.", "Confidence": 0.5620116591453552, "P": [[0.0, 0.47888100147247314, 0.4038020372390747, 0.2708016037940979, 0.44220608472824097], [0.45394912362098694, 0.0, 0.4038020372390747, 0.2708016037940979, 0.44220608472824097], [0.45394912362098694, 0.47888100147247314, 0.0, 0.2708016037940979, 0.44220608472824097], [0.45394912362098694, 0.47888100147247314, 0.4038020372390747, 0.0, 0.44220608472824097], [0.45394912362098694, 0.47888100147247314, 0.4038020372390747, 0.2708016037940979, 0.0]], "R": [[0.0, 0.25297269225120544, 0.3422870337963104, 0.13590125739574432, 0.2920564115047455], [0.19754727184772491, 0.0, 0.3422870337963104, 0.13590125739574432, 0.2920564115047455], [0.19754727184772491, 0.25297269225120544, 0.0, 0.13590125739574432, 0.2920564115047455], [0.19754727184772491, 0.25297269225120544, 0.3422870337963104, 0.0, 0.2920564115047455], [0.19754727184772491, 0.25297269225120544, 0.3422870337963104, 0.13590125739574432, 0.0]], "F1": [[0.0, 0.36454930901527405, 0.37388375401496887, 0.20375891029834747, 0.3670952618122101], [0.32371848821640015, 0.0, 0.37388375401496887, 0.20375891029834747, 0.3670952618122101], [0.32371848821640015, 0.36454930901527405, 0.0, 0.20375891029834747, 0.3670952618122101], [0.32371848821640015, 0.36454930901527405, 0.37388375401496887, 0.0, 0.3670952618122101], [0.32371848821640015, 0.36454930901527405, 0.37388375401496887, 0.20375891029834747, 0.0]], "P_IDF": [[0.0, 0.24876266717910767, 0.12274347990751266, -0.0301811583340168, 0.21046333014965057], [0.2144111692905426, 0.0, 0.12274347990751266, -0.0301811583340168, 0.21046333014965057], [0.2144111692905426, 0.24876266717910767, 0.0, -0.0301811583340168, 0.21046333014965057], [0.2144111692905426, 0.24876266717910767, 0.12274347990751266, 0.0, 0.21046333014965057], [0.2144111692905426, 0.24876266717910767, 0.12274347990751266, -0.0301811583340168, 0.0]], "R_IDF": [[0.0, 0.15937545895576477, 0.15537872910499573, -0.0073305838741362095, 0.10236182063817978], [0.07921551167964935, 0.0, 0.15537872910499573, -0.0073305838741362095, 0.10236182063817978], [0.07921551167964935, 0.15937545895576477, 0.0, -0.0073305838741362095, 0.10236182063817978], [0.07921551167964935, 0.15937545895576477, 0.15537872910499573, 0.0, 0.10236182063817978], [0.07921551167964935, 0.15937545895576477, 0.15537872910499573, -0.0073305838741362095, 0.0]], "F1_IDF": [[0.0, 0.2049720287322998, 0.14040836691856384, -0.017126942053437233, 0.15720757842063904], [0.14729855954647064, 0.0, 0.14040836691856384, -0.017126942053437233, 0.15720757842063904], [0.14729855954647064, 0.2049720287322998, 0.0, -0.017126942053437233, 0.15720757842063904], [0.14729855954647064, 0.2049720287322998, 0.14040836691856384, 0.0, 0.15720757842063904], [0.14729855954647064, 0.2049720287322998, 0.14040836691856384, -0.017126942053437233, 0.0]], "P_noscale": [[0.0, 0.9121944904327393, 0.8995441198348999, 0.8771343231201172, 0.9060149788856506], [0.9079936146736145, 0.0, 0.8995441198348999, 0.8771343231201172, 0.9060149788856506], [0.9079936146736145, 0.9121944904327393, 0.0, 0.8771343231201172, 0.9060149788856506], [0.9079936146736145, 0.9121944904327393, 0.8995441198348999, 0.0, 0.9060149788856506], [0.9079936146736145, 0.9121944904327393, 0.8995441198348999, 0.8771343231201172, 0.0]], "R_noscale": [[0.0, 0.8741214871406555, 0.8891714811325073, 0.854394257068634, 0.880707323551178], [0.8647819757461548, 0.0, 0.8891714811325073, 0.854394257068634, 0.880707323551178], [0.8647819757461548, 0.8741214871406555, 0.0, 0.854394257068634, 0.880707323551178], [0.8647819757461548, 0.8741214871406555, 0.8891714811325073, 0.0, 0.880707323551178], [0.8647819757461548, 0.8741214871406555, 0.8891714811325073, 0.854394257068634, 0.0]], "F1_noscale": [[0.0, 0.8927522897720337, 0.894327700138092, 0.8656150102615356, 0.8931819796562195], [0.8858610987663269, 0.0, 0.894327700138092, 0.8656150102615356, 0.8931819796562195], [0.8858610987663269, 0.8927522897720337, 0.0, 0.8656150102615356, 0.8931819796562195], [0.8858610987663269, 0.8927522897720337, 0.894327700138092, 0.0, 0.8931819796562195], [0.8858610987663269, 0.8927522897720337, 0.894327700138092, 0.8656150102615356, 0.0]], "Score": 0.1265519183129072}}}, "ObjectSearchExperiment": {"Label": "Pen"}}
