{"img_fn": "Image284.jpeg", "metadata_fn": "Image284.json", "img_id": "val-283", "annot_id": "val-285", "question": ["What", "is", "the", "man", "doing", "in", "this", "image", "?"], "answer_choices": [["He", "is", "painting", "on", "a", "canvass", "."], ["He", "is", "washing", "a", "window", "."], ["He", "is", "trying", "to", "break", "the", "glass", "."], ["He", "is", "scraping", "mold", "off", "a", "window", "."]], "answer_label": 1, "CaptionExperiment": {"Humans": {"Captions": [" A window cleaner wipes the soap off of a window with a squeegee. ", "A boy using a windshield squeegee and soapy water to clean a windshield while outside. ", "A staff cleaning a window of a skyscraper building.", "A man is cleaning a window", " A man carefully washes a car windshield with a window wiper. "], "Confidence": [10, 8, 10, 9, 9], "P": [[0.0, 0.5672273635864258, 0.361007958650589, 0.3787541091442108, 0.48617246747016907], [0.43975600600242615, 0.0, 0.2240716964006424, 0.27638834714889526, 0.42611226439476013], [0.37942588329315186, 0.38218584656715393, 0.0, 0.42272406816482544, 0.38395386934280396], [0.5068625807762146, 0.5117142200469971, 0.4968065321445465, 0.0, 0.6286059617996216], [0.5267135500907898, 0.5793506503105164, 0.3834405839443207, 0.463311105966568, 0.0]], "R": [[0.0, 0.43979504704475403, 0.3794691264629364, 0.5068969130516052, 0.5267465114593506], [0.5672575235366821, 0.0, 0.38222888112068176, 0.5117482542991638, 0.5793799757957458], [0.3610524833202362, 0.22412577271461487, 0.0, 0.4968412518501282, 0.3834832012653351], [0.37879741191864014, 0.27643877267837524, 0.42276427149772644, 0.0, 0.46334850788116455], [0.4862082898616791, 0.4261522591114044, 0.38399749994277954, 0.6286318898200989, 0.0]], "F1": [[0.0, 0.5035697817802429, 0.37124598026275635, 0.44297105073928833, 0.5071868300437927], [0.5035697817802429, 0.0, 0.30309417843818665, 0.39246323704719543, 0.502478837966919], [0.37124598026275635, 0.30309417843818665, 0.0, 0.46040770411491394, 0.38471946120262146], [0.44297105073928833, 0.39246323704719543, 0.4604080617427826, 0.0, 0.5454678535461426], [0.5071868300437927, 0.502478837966919, 0.38472017645835876, 0.5454678535461426, 0.0]], "P_IDF": [[0.0, 0.47370070219039917, 0.1424674689769745, 0.17037685215473175, 0.2624110281467438], [0.39226803183555603, 0.0, 0.04842611774802208, 0.11932697147130966, 0.31766414642333984], [0.1609802097082138, 0.16356328129768372, 0.0, 0.25376150012016296, 0.1806490123271942], [0.46088188886642456, 0.484343945980072, 0.5781964063644409, 0.0, 0.5396685004234314], [0.33666151762008667, 0.4550913870334625, 0.21159426867961884, 0.2813709080219269, 0.0]], "R_IDF": [[0.0, 0.39231038093566895, 0.16103868186473846, 0.46091946959495544, 0.33670774102211], [0.4737373888492584, 0.0, 0.16362157464027405, 0.4843798875808716, 0.45512935519218445], [0.14252722263336182, 0.0484924279153347, 0.0, 0.5782254338264465, 0.2116488516330719], [0.17043465375900269, 0.11938834190368652, 0.2538135051727295, 0.0, 0.2814209759235382], [0.26246240735054016, 0.3177116811275482, 0.18070681393146515, 0.5397006273269653, 0.0]], "F1_IDF": [[0.0, 0.4336172044277191, 0.15311478078365326, 0.3127535283565521, 0.3004359304904938], [0.4336172044277191, 0.0, 0.10682160407304764, 0.29664403200149536, 0.38651034235954285], [0.15311478078365326, 0.10682160407304764, 0.0, 0.41203829646110535, 0.19740870594978333], [0.3127535283565521, 0.29664403200149536, 0.412038654088974, 0.0, 0.40838271379470825], [0.3004359304904938, 0.38651034235954285, 0.19740942120552063, 0.40838271379470825, 0.0]], "P_noscale": [[0.0, 0.9270803332328796, 0.8923335671424866, 0.8953236937522888, 0.9134230613708496], [0.9056021571159363, 0.0, 0.8692606091499329, 0.8780756592750549, 0.9033032655715942], [0.8954368829727173, 0.8959019184112549, 0.0, 0.9027323722839355, 0.8961998224258423], [0.9169092178344727, 0.9177266955375671, 0.9152148365974426, 0.0, 0.9374222755432129], [0.9202539920806885, 0.929123044013977, 0.8961133360862732, 0.9095710515975952, 0.0]], "R_noscale": [[0.0, 0.9056021571159363, 0.8954368829727173, 0.9169092178344727, 0.9202539920806885], [0.9270803332328796, 0.0, 0.8959019184112549, 0.9177266955375671, 0.929123044013977], [0.8923335671424866, 0.8692606091499329, 0.0, 0.9152147769927979, 0.8961132764816284], [0.8953236937522888, 0.8780756592750549, 0.9027323722839355, 0.0, 0.9095710515975952], [0.9134230613708496, 0.9033032655715942, 0.8961999416351318, 0.9374222755432129, 0.0]], "F1_noscale": [[0.0, 0.9162153601646423, 0.8938825130462646, 0.9059878587722778, 0.9168258309364319], [0.9162153601646423, 0.0, 0.8823802471160889, 0.8974634408950806, 0.9160312414169312], [0.8938825130462646, 0.8823802471160889, 0.0, 0.9089307188987732, 0.8961564898490906], [0.9059878587722778, 0.8974634408950806, 0.908930778503418, 0.0, 0.9232866764068604], [0.9168258309364319, 0.9160312414169312, 0.8961566090583801, 0.9232866764068604, 0.0]], "Score": 0.3007727675139904}, "Machines": {"Oscar": {"Captions": "a man standing under an umbrella on top of a beach.", "Confidence": 0.5457333326339722, "P": [[0.0, 0.5429778695106506, 0.450218141078949, 0.4125594198703766, 0.463426411151886], [0.4329764246940613, 0.0, 0.450218141078949, 0.4125594198703766, 0.463426411151886], [0.4329764246940613, 0.5429778695106506, 0.0, 0.4125594198703766, 0.463426411151886], [0.4329764246940613, 0.5429778695106506, 0.450218141078949, 0.0, 0.463426411151886], [0.4329764246940613, 0.5429778695106506, 0.450218141078949, 0.4125594198703766, 0.0]], "R": [[0.0, 0.293119341135025, 0.3374127149581909, 0.4030643105506897, 0.3544979691505432], [0.3136371374130249, 0.0, 0.3374127149581909, 0.4030643105506897, 0.3544979691505432], [0.3136371374130249, 0.293119341135025, 0.0, 0.4030643105506897, 0.3544979691505432], [0.3136371374130249, 0.293119341135025, 0.3374127149581909, 0.0, 0.3544979691505432], [0.3136371374130249, 0.293119341135025, 0.3374127149581909, 0.4030643105506897, 0.0]], "F1": [[0.0, 0.4160774052143097, 0.3942018449306488, 0.408769428730011, 0.4093659222126007], [0.37365278601646423, 0.0, 0.3942018449306488, 0.408769428730011, 0.4093659222126007], [0.37365278601646423, 0.4160774052143097, 0.0, 0.408769428730011, 0.4093659222126007], [0.37365278601646423, 0.4160774052143097, 0.3942018449306488, 0.0, 0.4093659222126007], [0.37365278601646423, 0.4160774052143097, 0.3942018449306488, 0.408769428730011, 0.0]], "P_IDF": [[0.0, 0.34981709718704224, 0.23274172842502594, 0.22179920971393585, 0.25610262155532837], [0.2271708995103836, 0.0, 0.23274172842502594, 0.22179920971393585, 0.25610262155532837], [0.2271708995103836, 0.34981709718704224, 0.0, 0.22179920971393585, 0.25610262155532837], [0.2271708995103836, 0.34981709718704224, 0.23274172842502594, 0.0, 0.25610262155532837], [0.2271708995103836, 0.34981709718704224, 0.23274172842502594, 0.22179920971393585, 0.0]], "R_IDF": [[0.0, 0.09997665137052536, 0.06965823471546173, 0.1887059360742569, 0.11205174028873444], [0.07005086541175842, 0.0, 0.06965823471546173, 0.1887059360742569, 0.11205174028873444], [0.07005086541175842, 0.09997665137052536, 0.0, 0.1887059360742569, 0.11205174028873444], [0.07005086541175842, 0.09997665137052536, 0.06965823471546173, 0.0, 0.11205174028873444], [0.07005086541175842, 0.09997665137052536, 0.06965823471546173, 0.1887059360742569, 0.0]], "F1_IDF": [[0.0, 0.22313091158866882, 0.15127021074295044, 0.2064899206161499, 0.18438798189163208], [0.1487783044576645, 0.0, 0.15127021074295044, 0.2064899206161499, 0.18438798189163208], [0.1487783044576645, 0.22313091158866882, 0.0, 0.2064899206161499, 0.18438798189163208], [0.1487783044576645, 0.22313091158866882, 0.15127021074295044, 0.0, 0.18438798189163208], [0.1487783044576645, 0.22313091158866882, 0.15127021074295044, 0.2064899206161499, 0.0]], "P_noscale": [[0.0, 0.9229944348335266, 0.9073649644851685, 0.9010196924209595, 0.909590482711792], [0.9044598340988159, 0.0, 0.9073649644851685, 0.9010196924209595, 0.909590482711792], [0.9044598340988159, 0.9229944348335266, 0.0, 0.9010196924209595, 0.909590482711792], [0.9044598340988159, 0.9229944348335266, 0.9073649644851685, 0.0, 0.909590482711792], [0.9044598340988159, 0.9229944348335266, 0.9073649644851685, 0.9010196924209595, 0.0]], "R_noscale": [[0.0, 0.880886435508728, 0.8883501291275024, 0.8994128108024597, 0.8912290930747986], [0.8843438029289246, 0.0, 0.8883501291275024, 0.8994128108024597, 0.8912290930747986], [0.8843438029289246, 0.880886435508728, 0.0, 0.8994128108024597, 0.8912290930747986], [0.8843438029289246, 0.880886435508728, 0.8883501291275024, 0.0, 0.8912290930747986], [0.8843438029289246, 0.880886435508728, 0.8883501291275024, 0.8994128108024597, 0.0]], "F1_noscale": [[0.0, 0.9014489054679871, 0.8977568745613098, 0.9002155065536499, 0.9003161787986755], [0.8942887187004089, 0.0, 0.8977568745613098, 0.9002155065536499, 0.9003161787986755], [0.8942887187004089, 0.9014489054679871, 0.0, 0.9002155065536499, 0.9003161787986755], [0.8942887187004089, 0.9014489054679871, 0.8977568745613098, 0.0, 0.9003161787986755], [0.8942887187004089, 0.9014489054679871, 0.8977568745613098, 0.9002155065536499, 0.0]], "Score": 0.18281146585941316}}}}
{"img_fn": "Image460.jpeg", "metadata_fn": "Image460.json", "img_id": "val-459", "annot_id": "val-461", "question": ["What", "is", "the", "family", "doing", "here", "?"], "answer_choices": [["They", "are", "congratulating", "the", "daughter", "."], ["They", "are", "preparing", "dinner", "."], ["They", "are", "about", "to", "argue", "."], ["They", "are", "about", "to", "go", "out", "."]], "answer_label": 2, "CaptionExperiment": {"Humans": {"Captions": [" A woman pleads with another woman while two men watch them in the background. ", "A woman talking to another girl in a kitchen while two men watch from the room behind them. ", "Parents talking anxiously to daughter at breakfast.", "A mother concerns about her daughter condition, and the father and the grandfather are listening besides.", " Two women have an emotional conversation while in the kitchen of their family home. "], "Confidence": [-1, 7, 3, 7, 8], "P": [[0.0, 0.753261148929596, 0.25520339608192444, 0.33961108326911926, 0.3626900315284729], [0.657171905040741, 0.0, 0.28144732117652893, 0.2822754383087158, 0.3902152180671692], [0.32848745584487915, 0.4535992741584778, 0.0, 0.3100627660751343, 0.37132787704467773], [0.30888691544532776, 0.32522305846214294, 0.20100831985473633, 0.0, 0.20188774168491364], [0.3903439939022064, 0.5388524532318115, 0.3983694911003113, 0.2885969281196594, 0.0]], "R": [[0.0, 0.6571958065032959, 0.32853424549102783, 0.3089350759983063, 0.3903864920139313], [0.7532783150672913, 0.0, 0.45363736152648926, 0.32527005672454834, 0.5388845801353455], [0.2552552819252014, 0.28149738907814026, 0.0, 0.20106400549411774, 0.39841142296791077], [0.33965709805488586, 0.2823254466056824, 0.310110867023468, 0.0, 0.28864651918411255], [0.36273443698883057, 0.39025771617889404, 0.37137168645858765, 0.20194336771965027, 0.0]], "F1": [[0.0, 0.7052972912788391, 0.29276421666145325, 0.32532572746276855, 0.37751567363739014], [0.7052972912788391, 0.0, 0.36717790365219116, 0.30481693148612976, 0.46440163254737854], [0.29276421666145325, 0.36717790365219116, 0.0, 0.2561992406845093, 0.38583511114120483], [0.32532572746276855, 0.30481693148612976, 0.2561992406845093, 0.0, 0.24613234400749207], [0.37751567363739014, 0.46440163254737854, 0.38583511114120483, 0.24613234400749207, 0.0]], "P_IDF": [[0.0, 0.6350555419921875, 0.13849769532680511, 0.19173479080200195, 0.23303428292274475], [0.6077744364738464, 0.0, 0.14741888642311096, 0.15060333907604218, 0.2510369122028351], [0.21917828917503357, 0.31924116611480713, 0.0, 0.22575412690639496, 0.28552180528640747], [0.15359392762184143, 0.16893814504146576, 0.05778525397181511, 0.0, 0.031133804470300674], [0.26241421699523926, 0.412508487701416, 0.2914881408214569, 0.15496046841144562, 0.0]], "R_IDF": [[0.0, 0.6078017354011536, 0.2192327082157135, 0.15365290641784668, 0.26246559619903564], [0.6350809931755066, 0.0, 0.31928858160972595, 0.16899606585502625, 0.4125494360923767], [0.13855771720409393, 0.14747829735279083, 0.0, 0.0578509122133255, 0.29153749346733093], [0.1917911171913147, 0.15066252648830414, 0.22580808401107788, 0.0, 0.1550193428993225], [0.23308773338794708, 0.2510891258716583, 0.2855715751647949, 0.0312013179063797, 0.0]], "F1_IDF": [[0.0, 0.6220096945762634, 0.1798826903104782, 0.17396581172943115, 0.24893079698085785], [0.6220096945762634, 0.0, 0.2331766039133072, 0.16114886105060577, 0.33164629340171814], [0.1798826903104782, 0.2331766039133072, 0.0, 0.14180724322795868, 0.2896839380264282], [0.17396581172943115, 0.16114886105060577, 0.14180724322795868, 0.0, 0.09379098564386368], [0.24893079698085785, 0.33164629340171814, 0.2896839380264282, 0.09379098564386368, 0.0]], "P_noscale": [[0.0, 0.9584259390830994, 0.8745061159133911, 0.8887283205986023, 0.8926169872283936], [0.9422354698181152, 0.0, 0.8789280652999878, 0.879067599773407, 0.8972548246383667], [0.8868540525436401, 0.9079346656799316, 0.0, 0.8837496042251587, 0.894072413444519], [0.8835514783859253, 0.8863040208816528, 0.8653745651245117, 0.0, 0.8655227422714233], [0.8972765207290649, 0.922299325466156, 0.8986287713050842, 0.8801327347755432, 0.0]], "R_noscale": [[0.0, 0.9422354698181152, 0.8868540525436401, 0.8835514783859253, 0.8972765207290649], [0.9584259390830994, 0.0, 0.9079346656799316, 0.8863040208816528, 0.922299325466156], [0.8745061159133911, 0.8789280652999878, 0.0, 0.8653745651245117, 0.8986287713050842], [0.8887283205986023, 0.879067599773407, 0.8837496042251587, 0.0, 0.8801327347755432], [0.8926169872283936, 0.8972548246383667, 0.894072413444519, 0.8655227422714233, 0.0]], "F1_noscale": [[0.0, 0.9502617716789246, 0.8806368112564087, 0.8861323595046997, 0.8949406743049622], [0.9502617716789246, 0.0, 0.8931959271430969, 0.8826709985733032, 0.9096047878265381], [0.8806368112564087, 0.8931959271430969, 0.0, 0.8744655847549438, 0.896344780921936], [0.8861323595046997, 0.8826709985733032, 0.8744655847549438, 0.0, 0.8727665543556213], [0.8949406743049622, 0.9096047878265381, 0.896344780921936, 0.8727665543556213, 0.0]], "Score": 0.24760429188609123}, "Machines": {"Oscar": {"Captions": "a group of people sitting around a kitchen counter.", "Confidence": 0.6276358962059021, "P": [[0.0, 0.5046817064285278, 0.2953163981437683, 0.19114792346954346, 0.4355877935886383], [0.29969510436058044, 0.0, 0.2953163981437683, 0.19114792346954346, 0.4355877935886383], [0.29969510436058044, 0.5046817064285278, 0.0, 0.19114792346954346, 0.4355877935886383], [0.29969510436058044, 0.5046817064285278, 0.2953163981437683, 0.0, 0.4355877935886383], [0.29969510436058044, 0.5046817064285278, 0.2953163981437683, 0.19114792346954346, 0.0]], "R": [[0.0, 0.3425597548484802, 0.2871587574481964, 0.14245930314064026, 0.44895121455192566], [0.28802821040153503, 0.0, 0.2871587574481964, 0.14245930314064026, 0.44895121455192566], [0.28802821040153503, 0.3425597548484802, 0.0, 0.14245930314064026, 0.44895121455192566], [0.28802821040153503, 0.3425597548484802, 0.2871587574481964, 0.0, 0.44895121455192566], [0.28802821040153503, 0.3425597548484802, 0.2871587574481964, 0.14245930314064026, 0.0]], "F1": [[0.0, 0.42332923412323, 0.29238560795783997, 0.16804011166095734, 0.4431677758693695], [0.2950018346309662, 0.0, 0.29238560795783997, 0.16804011166095734, 0.4431677758693695], [0.2950018346309662, 0.42332923412323, 0.0, 0.16804011166095734, 0.4431677758693695], [0.2950018346309662, 0.42332923412323, 0.29238560795783997, 0.0, 0.4431677758693695], [0.2950018346309662, 0.42332923412323, 0.29238560795783997, 0.16804011166095734, 0.0]], "P_IDF": [[0.0, 0.3931067883968353, 0.1416938155889511, -0.0006523131742142141, 0.33346185088157654], [0.1034054383635521, 0.0, 0.1416938155889511, -0.0006523131742142141, 0.33346185088157654], [0.1034054383635521, 0.3931067883968353, 0.0, -0.0006523131742142141, 0.33346185088157654], [0.1034054383635521, 0.3931067883968353, 0.1416938155889511, 0.0, 0.33346185088157654], [0.1034054383635521, 0.3931067883968353, 0.1416938155889511, -0.0006523131742142141, 0.0]], "R_IDF": [[0.0, 0.21431133151054382, 0.18993724882602692, -0.02999582514166832, 0.34153643250465393], [0.15115348994731903, 0.0, 0.18993724882602692, -0.02999582514166832, 0.34153643250465393], [0.15115348994731903, 0.21431133151054382, 0.0, -0.02999582514166832, 0.34153643250465393], [0.15115348994731903, 0.21431133151054382, 0.18993724882602692, 0.0, 0.34153643250465393], [0.15115348994731903, 0.21431133151054382, 0.18993724882602692, -0.02999582514166832, 0.0]], "F1_IDF": [[0.0, 0.3033128082752228, 0.1670583188533783, -0.013718930073082447, 0.33857282996177673], [0.12858591973781586, 0.0, 0.1670583188533783, -0.013718930073082447, 0.33857282996177673], [0.12858591973781586, 0.3033128082752228, 0.0, -0.013718930073082447, 0.33857282996177673], [0.12858591973781586, 0.3033128082752228, 0.1670583188533783, 0.0, 0.33857282996177673], [0.12858591973781586, 0.3033128082752228, 0.1670583188533783, -0.013718930073082447, 0.0]], "P_noscale": [[0.0, 0.9165417551994324, 0.8812649250030518, 0.8637131452560425, 0.9048998355865479], [0.8820027112960815, 0.0, 0.8812649250030518, 0.8637131452560425, 0.9048998355865479], [0.8820027112960815, 0.9165417551994324, 0.0, 0.8637131452560425, 0.9048998355865479], [0.8820027112960815, 0.9165417551994324, 0.8812649250030518, 0.0, 0.9048998355865479], [0.8820027112960815, 0.9165417551994324, 0.8812649250030518, 0.8637131452560425, 0.0]], "R_noscale": [[0.0, 0.8892174363136292, 0.8798820376396179, 0.8554993271827698, 0.9071450233459473], [0.8800285458564758, 0.0, 0.8798820376396179, 0.8554993271827698, 0.9071450233459473], [0.8800285458564758, 0.8892174363136292, 0.0, 0.8554993271827698, 0.9071450233459473], [0.8800285458564758, 0.8892174363136292, 0.8798820376396179, 0.0, 0.9071450233459473], [0.8800285458564758, 0.8892174363136292, 0.8798820376396179, 0.8554993271827698, 0.0]], "F1_noscale": [[0.0, 0.9026728272438049, 0.8805729150772095, 0.8595865964889526, 0.9060210585594177], [0.8810144662857056, 0.0, 0.8805729150772095, 0.8595865964889526, 0.9060210585594177], [0.8810144662857056, 0.9026728272438049, 0.0, 0.8595865964889526, 0.9060210585594177], [0.8810144662857056, 0.9026728272438049, 0.8805729150772095, 0.0, 0.9060210585594177], [0.8810144662857056, 0.9026728272438049, 0.8805729150772095, 0.8595865964889526, 0.0]], "Score": 0.18476218935102223}}}}
{"img_fn": "Image1050.jpeg", "metadata_fn": "Image1050.json", "img_id": "val-1049", "annot_id": "val-1053", "question": ["What", "are", "the", "people", "who", "are", "sitting", "looking", "at", "?"], "answer_label": 0, "answer_choices": [["They", "are", "looking", "at", "their", "faces", "showing", "in", "mirrors", "."], ["They", "are", "looking", "at", "images", "."], ["They", "are", "watching", "videos", "."], ["They", "are", "looking", "at", "organisms", "."]], "CaptionExperiment": {"Humans": {"Captions": [" A group of young women applying makeup. ", "A group of college girls all putting on makeup together in a room. ", "A group of actors putting on their makeups.", "An instructor teaches many girls how to makeup", " A group of women use mirrors to simultaneously try out makeup products. "], "Confidence": [-1, -1, 9, 8, -1], "P": [[0.0, 0.8152669668197632, 0.7072681188583374, 0.3988361060619354, 0.7684553265571594], [0.601586639881134, 0.0, 0.5515190958976746, 0.30767497420310974, 0.5730376839637756], [0.6633975505828857, 0.7024086713790894, 0.0, 0.30443745851516724, 0.596319317817688], [0.28034573793411255, 0.29671546816825867, 0.1989038735628128, 0.0, 0.34125885367393494], [0.5318096280097961, 0.534600019454956, 0.44038107991218567, 0.3130441904067993, 0.0]], "R": [[0.0, 0.6016144156455994, 0.6634210348129272, 0.28039589524269104, 0.5318422913551331], [0.815279483795166, 0.0, 0.7024297118186951, 0.2967644929885864, 0.5346317291259766], [0.7072885036468506, 0.5515503883361816, 0.0, 0.19895969331264496, 0.44042009115219116], [0.39887797832489014, 0.3077232241630554, 0.304485946893692, 0.0, 0.31309205293655396], [0.7684714794158936, 0.5730681419372559, 0.596347451210022, 0.341304749250412, 0.0]], "F1": [[0.0, 0.7068914771080017, 0.6857695579528809, 0.34002256393432617, 0.6482104063034058], [0.7068914771080017, 0.0, 0.6265615820884705, 0.3033474087715149, 0.5544918179512024], [0.6857695579528809, 0.6265612244606018, 0.0, 0.25237661600112915, 0.5180366635322571], [0.34002256393432617, 0.3033474087715149, 0.25237661600112915, 0.0, 0.3282301425933838], [0.6482104063034058, 0.5544925332069397, 0.5180366635322571, 0.3282301425933838, 0.0]], "P_IDF": [[0.0, 0.7691766619682312, 0.6136735081672668, 0.38266730308532715, 0.6745753288269043], [0.5357935428619385, 0.0, 0.4062598645687103, 0.2616157829761505, 0.4628069996833801], [0.5558943152427673, 0.5840222835540771, 0.0, 0.290384441614151, 0.4683244228363037], [0.27408474683761597, 0.2917764186859131, 0.18555480241775513, 0.0, 0.32919034361839294], [0.37872758507728577, 0.39788272976875305, 0.26703768968582153, 0.23212197422981262, 0.0]], "R_IDF": [[0.0, 0.5358266234397888, 0.5559252500534058, 0.2741353213787079, 0.3787708878517151], [0.7691920399665833, 0.0, 0.5840508937835693, 0.2918257713317871, 0.3979243338108063], [0.6137004494667053, 0.40630125999450684, 0.0, 0.1856115609407425, 0.26708877086639404], [0.3827103078365326, 0.26166725158691406, 0.2904338836669922, 0.0, 0.23217546939849854], [0.674597978591919, 0.4628444314002991, 0.4683614671230316, 0.32923707365989685, 0.0]], "F1_IDF": [[0.0, 0.6506288647651672, 0.5853217840194702, 0.3289315104484558, 0.5234372615814209], [0.6506285071372986, 0.0, 0.49452635645866394, 0.27785301208496094, 0.431094229221344], [0.5853217840194702, 0.49452635645866394, 0.0, 0.23870429396629333, 0.36682331562042236], [0.3289315104484558, 0.27785301208496094, 0.23870429396629333, 0.0, 0.281398743391037], [0.5234372615814209, 0.431094229221344, 0.36682331562042236, 0.281398743391037, 0.0]], "P_noscale": [[0.0, 0.9688735604286194, 0.9506763815879822, 0.898707389831543, 0.9609860777854919], [0.9328696727752686, 0.0, 0.9244335889816284, 0.8833472728729248, 0.9280593395233154], [0.9432844519615173, 0.9498575925827026, 0.0, 0.8828017711639404, 0.931982159614563], [0.8787424564361572, 0.8815006613731384, 0.8650199770927429, 0.0, 0.8890059590339661], [0.9211126565933228, 0.921582818031311, 0.9057074785232544, 0.8842519521713257, 0.0]], "R_noscale": [[0.0, 0.9328696727752686, 0.9432844519615173, 0.8787424564361572, 0.9211126565933228], [0.9688735008239746, 0.0, 0.9498576521873474, 0.8815006613731384, 0.9215826988220215], [0.9506763815879822, 0.9244335889816284, 0.0, 0.8650199770927429, 0.9057074785232544], [0.898707389831543, 0.8833472728729248, 0.8828017711639404, 0.0, 0.8842519521713257], [0.9609860777854919, 0.928059458732605, 0.931982159614563, 0.8890059590339661, 0.0]], "F1_noscale": [[0.0, 0.9505308270454407, 0.9469659924507141, 0.8886128067970276, 0.9406269788742065], [0.9505308270454407, 0.0, 0.9369732141494751, 0.8824229836463928, 0.9248096942901611], [0.9469659924507141, 0.9369731545448303, 0.0, 0.873820424079895, 0.9186570048332214], [0.8886128067970276, 0.8824229836463928, 0.873820424079895, 0.0, 0.8866225481033325], [0.9406269788742065, 0.9248098134994507, 0.9186570048332214, 0.8866225481033325, 0.0]], "Score": 0.41787191927433015}, "Machines": {"Oscar": {"Captions": "a group of people standing around each other.", "Confidence": 0.6044628620147705, "P": [[0.0, 0.49762794375419617, 0.4476619362831116, 0.10215387493371964, 0.417561799287796], [0.3924749791622162, 0.0, 0.4476619362831116, 0.10215387493371964, 0.417561799287796], [0.3924749791622162, 0.49762794375419617, 0.0, 0.10215387493371964, 0.417561799287796], [0.3924749791622162, 0.49762794375419617, 0.4476619362831116, 0.0, 0.417561799287796], [0.3924749791622162, 0.49762794375419617, 0.4476619362831116, 0.10215387493371964, 0.0]], "R": [[0.0, 0.40778547525405884, 0.3988213837146759, 0.06826137751340866, 0.3192383646965027], [0.5331581234931946, 0.0, 0.3988213837146759, 0.06826137751340866, 0.3192383646965027], [0.5331581234931946, 0.40778547525405884, 0.0, 0.06826137751340866, 0.3192383646965027], [0.5331581234931946, 0.40778547525405884, 0.3988213837146759, 0.0, 0.3192383646965027], [0.5331581234931946, 0.40778547525405884, 0.3988213837146759, 0.06826137751340866, 0.0]], "F1": [[0.0, 0.4532201588153839, 0.4240666329860687, 0.08663592487573624, 0.36896950006484985], [0.4627770781517029, 0.0, 0.4240666329860687, 0.08663592487573624, 0.36896950006484985], [0.4627770781517029, 0.4532201588153839, 0.0, 0.08663592487573624, 0.36896950006484985], [0.4627770781517029, 0.4532201588153839, 0.4240666329860687, 0.0, 0.36896950006484985], [0.4627770781517029, 0.4532201588153839, 0.4240666329860687, 0.08663592487573624, 0.0]], "P_IDF": [[0.0, 0.38736826181411743, 0.30994534492492676, -0.02671653963625431, 0.29586824774742126], [0.22206488251686096, 0.0, 0.30994534492492676, -0.02671653963625431, 0.29586824774742126], [0.22206488251686096, 0.38736826181411743, 0.0, -0.02671653963625431, 0.29586824774742126], [0.22206488251686096, 0.38736826181411743, 0.30994534492492676, 0.0, 0.29586824774742126], [0.22206488251686096, 0.38736826181411743, 0.30994534492492676, -0.02671653963625431, 0.0]], "R_IDF": [[0.0, 0.2687070667743683, 0.24067334830760956, 0.038195155560970306, 0.15945151448249817], [0.36663883924484253, 0.0, 0.24067334830760956, 0.038195155560970306, 0.15945151448249817], [0.36663883924484253, 0.2687070667743683, 0.0, 0.038195155560970306, 0.15945151448249817], [0.36663883924484253, 0.2687070667743683, 0.24067334830760956, 0.0, 0.15945151448249817], [0.36663883924484253, 0.2687070667743683, 0.24067334830760956, 0.038195155560970306, 0.0]], "F1_IDF": [[0.0, 0.32845935225486755, 0.2762553095817566, 0.007143407128751278, 0.2280116081237793], [0.2945038676261902, 0.0, 0.2762553095817566, 0.007143407128751278, 0.2280116081237793], [0.2945038676261902, 0.32845935225486755, 0.0, 0.007143407128751278, 0.2280116081237793], [0.2945038676261902, 0.32845935225486755, 0.2762553095817566, 0.0, 0.2280116081237793], [0.2945038676261902, 0.32845935225486755, 0.2762553095817566, 0.007143407128751278, 0.0]], "P_noscale": [[0.0, 0.9153532385826111, 0.9069342613220215, 0.8487181663513184, 0.9018625617027283], [0.8976355791091919, 0.0, 0.9069342613220215, 0.8487181663513184, 0.9018625617027283], [0.8976355791091919, 0.9153532385826111, 0.0, 0.8487181663513184, 0.9018625617027283], [0.8976355791091919, 0.9153532385826111, 0.9069342613220215, 0.0, 0.9018625617027283], [0.8976355791091919, 0.9153532385826111, 0.9069342613220215, 0.8487181663513184, 0.0]], "R_noscale": [[0.0, 0.9002083539962769, 0.8986978530883789, 0.8429965376853943, 0.8852876424789429], [0.9213343858718872, 0.0, 0.8986978530883789, 0.8429965376853943, 0.8852876424789429], [0.9213343858718872, 0.9002083539962769, 0.0, 0.8429965376853943, 0.8852876424789429], [0.9213343858718872, 0.9002083539962769, 0.8986978530883789, 0.0, 0.8852876424789429], [0.9213343858718872, 0.9002083539962769, 0.8986978530883789, 0.8429965376853943, 0.0]], "F1_noscale": [[0.0, 0.9077176451683044, 0.902797281742096, 0.8458476662635803, 0.8934983015060425], [0.9093306064605713, 0.0, 0.902797281742096, 0.8458476662635803, 0.8934983015060425], [0.9093306064605713, 0.9077176451683044, 0.0, 0.8458476662635803, 0.8934983015060425], [0.9093306064605713, 0.9077176451683044, 0.902797281742096, 0.0, 0.8934983015060425], [0.9093306064605713, 0.9077176451683044, 0.902797281742096, 0.8458476662635803, 0.0]], "Score": 0.226874708943069}}}}
{"img_fn": "Image25.jpeg", "metadata_fn": "Image25.json", "img_id": "val-24", "annot_id": "val-26", "question": ["What", "is", "the", "man", "sitting", "on", "the", "chair", "doing", "?"], "answer_choices": [["He", "is", "playing", "a", "card", "game", "at", "the", "bar", "."], ["He", "is", "threatening", "someone", "sitting", "opposite", "to", "him", "."], ["He", "is", "completely", "drunk", "and", "about", "to", "pass", "out", "."], ["He", "is", "a", "dealer", "at", "a", "casino", "."]], "answer_label": 1, "CaptionExperiment": {"Humans": {"Captions": [" A man sits at a card table with a glass of scotch in front of him and bodyguards behind. ", "A man with a gun next to him intensely playing cards at card table with four bodyguards behind him. ", "A man waiting for players in a deadly gambling game.", "A confident young man gambling with someone, with some threatening tone.", " A wealthy man gives a serious look to someone after a poker game. "], "Confidence": [-1, -1, 9, 7, -1], "P": [[0.0, 0.48449960350990295, 0.13091224431991577, 0.09152335673570633, 0.23198506236076355], [0.4764956831932068, 0.0, 0.12787920236587524, 0.16470518708229065, 0.20995818078517914], [0.2979755401611328, 0.31119832396507263, 0.0, 0.35205915570259094, 0.46047332882881165], [0.26008865237236023, 0.29266786575317383, 0.2893306016921997, 0.0, 0.441808819770813], [0.3814210295677185, 0.380558580160141, 0.4238128960132599, 0.4850691258907318, 0.0]], "R": [[0.0, 0.4765321612358093, 0.298024445772171, 0.26014021039009094, 0.3814641237258911], [0.4845355153083801, 0.0, 0.3112463057041168, 0.2927171587944031, 0.38060176372528076], [0.13097281754016876, 0.12793998420238495, 0.0, 0.28938013315200806, 0.4238530397415161], [0.09158666431903839, 0.16476339101791382, 0.3521043062210083, 0.0, 0.48510536551475525], [0.23203858733177185, 0.2100132256746292, 0.46051090955734253, 0.4418473541736603, 0.0]], "F1": [[0.0, 0.48135659098625183, 0.21439509093761444, 0.1757863610982895, 0.30679038166999817], [0.48135659098625183, 0.0, 0.2192065715789795, 0.22917526960372925, 0.29503926634788513], [0.21439509093761444, 0.2192065715789795, 0.0, 0.3216351866722107, 0.4430067241191864], [0.1757863610982895, 0.22917526960372925, 0.3216351866722107, 0.0, 0.4642430543899536], [0.30679038166999817, 0.29503926634788513, 0.4430067241191864, 0.46424269676208496, 0.0]], "P_IDF": [[0.0, 0.3299381732940674, -0.1322232484817505, -0.13103322684764862, -0.0046086423099040985], [0.40700697898864746, 0.0, 0.018745867535471916, 0.05150904133915901, 0.11080409586429596], [0.10595384240150452, 0.09917601197957993, 0.0, 0.23951390385627747, 0.28619107604026794], [0.07858110219240189, 0.11728442460298538, 0.1545695662498474, 0.0, 0.2988252341747284], [0.15267135202884674, 0.16489197313785553, 0.2111014872789383, 0.2995472252368927, 0.0]], "R_IDF": [[0.0, 0.4070483148097992, 0.106016144156456, 0.07864530384540558, 0.15273040533065796], [0.3299848735332489, 0.0, 0.09923878312110901, 0.11734593659639359, 0.1649501621723175], [-0.13214434683322906, 0.018814245238900185, 0.0, 0.15462848544120789, 0.21115681529045105], [-0.13095441460609436, 0.05157513543963432, 0.23956690728664398, 0.0, 0.29959532618522644], [-0.0045386371202766895, 0.11086606234312057, 0.2862415313720703, 0.2988741099834442, 0.0]], "F1_IDF": [[0.0, 0.3692414164543152, -0.014330253005027771, -0.026757316663861275, 0.07433529943227768], [0.3692414164543152, 0.0, 0.06019892916083336, 0.08570075780153275, 0.1391352266073227], [-0.014330253005027771, 0.06019892916083336, 0.0, 0.19802355766296387, 0.2496219426393509], [-0.026757316663861275, 0.08570075780153275, 0.19802355766296387, 0.0, 0.30034905672073364], [0.07433529943227768, 0.1391352266073227, 0.24962230026721954, 0.30034905672073364, 0.0]], "P_noscale": [[0.0, 0.9131411910057068, 0.8535637855529785, 0.8469269871711731, 0.8705939650535583], [0.9117925763130188, 0.0, 0.8530527353286743, 0.859257698059082, 0.8668825626373291], [0.8817129731178284, 0.8839409351348877, 0.0, 0.8908257484436035, 0.909092903137207], [0.8753292560577393, 0.8808186650276184, 0.8802563548088074, 0.0, 0.9059480428695679], [0.8957730531692505, 0.8956277370452881, 0.9029158353805542, 0.9132371544837952, 0.0]], "R_noscale": [[0.0, 0.9117925763130188, 0.8817129731178284, 0.8753292560577393, 0.8957730531692505], [0.9131411910057068, 0.0, 0.8839409351348877, 0.8808186650276184, 0.8956277370452881], [0.8535637855529785, 0.8530527353286743, 0.0, 0.8802563548088074, 0.9029158353805542], [0.8469269871711731, 0.859257698059082, 0.8908257484436035, 0.0, 0.9132372140884399], [0.8705939650535583, 0.8668825626373291, 0.909092903137207, 0.9059479832649231, 0.0]], "F1_noscale": [[0.0, 0.9124663472175598, 0.8674101233482361, 0.860893964767456, 0.8830040693283081], [0.9124663472175598, 0.0, 0.868222177028656, 0.869904637336731, 0.8810207843780518], [0.8674101233482361, 0.868222177028656, 0.0, 0.8855094909667969, 0.9059938788414001], [0.860893964767456, 0.869904637336731, 0.8855094909667969, 0.0, 0.9095780253410339], [0.8830040693283081, 0.8810207843780518, 0.9059938788414001, 0.9095779657363892, 0.0]], "Score": 0.14355187956243753}, "Machines": {"Oscar": {"Captions": "a man sitting at a table with a microphone in front of him.", "Confidence": 0.6067320108413696, "P": [[0.0, 0.5699579119682312, 0.35368818044662476, 0.3444135785102844, 0.40333861112594604], [0.7456502318382263, 0.0, 0.35368818044662476, 0.3444135785102844, 0.40333861112594604], [0.7456502318382263, 0.5699579119682312, 0.0, 0.3444135785102844, 0.40333861112594604], [0.7456502318382263, 0.5699579119682312, 0.35368818044662476, 0.0, 0.40333861112594604], [0.7456502318382263, 0.5699579119682312, 0.35368818044662476, 0.3444135785102844, 0.0]], "R": [[0.0, 0.31554123759269714, 0.3150276243686676, 0.3105643391609192, 0.388257771730423], [0.4302823543548584, 0.0, 0.3150276243686676, 0.3105643391609192, 0.388257771730423], [0.4302823543548584, 0.31554123759269714, 0.0, 0.3105643391609192, 0.388257771730423], [0.4302823543548584, 0.31554123759269714, 0.3150276243686676, 0.0, 0.388257771730423], [0.4302823543548584, 0.31554123759269714, 0.3150276243686676, 0.3105643391609192, 0.0]], "F1": [[0.0, 0.4406454861164093, 0.3353675603866577, 0.32852643728256226, 0.3967689871788025], [0.5841344594955444, 0.0, 0.3353675603866577, 0.32852643728256226, 0.3967689871788025], [0.5841344594955444, 0.4406454861164093, 0.0, 0.32852643728256226, 0.3967689871788025], [0.5841344594955444, 0.4406454861164093, 0.3353675603866577, 0.0, 0.3967689871788025], [0.5841344594955444, 0.4406454861164093, 0.3353675603866577, 0.32852643728256226, 0.0]], "P_IDF": [[0.0, 0.3737970292568207, 0.061775896698236465, 0.11091906577348709, 0.15153157711029053], [0.5876474976539612, 0.0, 0.061775896698236465, 0.11091906577348709, 0.15153157711029053], [0.5876474976539612, 0.3737970292568207, 0.0, 0.11091906577348709, 0.15153157711029053], [0.5876474976539612, 0.3737970292568207, 0.061775896698236465, 0.0, 0.15153157711029053], [0.5876474976539612, 0.3737970292568207, 0.061775896698236465, 0.11091906577348709, 0.0]], "R_IDF": [[0.0, 0.1486929953098297, 0.09563609957695007, 0.11470573395490646, 0.1441444456577301], [0.1296742856502533, 0.0, 0.09563609957695007, 0.11470573395490646, 0.1441444456577301], [0.1296742856502533, 0.1486929953098297, 0.0, 0.11470573395490646, 0.1441444456577301], [0.1296742856502533, 0.1486929953098297, 0.09563609957695007, 0.0, 0.1441444456577301], [0.1296742856502533, 0.1486929953098297, 0.09563609957695007, 0.11470573395490646, 0.0]], "F1_IDF": [[0.0, 0.2600059509277344, 0.08014657348394394, 0.11425319314002991, 0.14921976625919342], [0.3498033881187439, 0.0, 0.08014657348394394, 0.11425319314002991, 0.14921976625919342], [0.3498033881187439, 0.2600059509277344, 0.0, 0.11425319314002991, 0.14921976625919342], [0.3498033881187439, 0.2600059509277344, 0.08014657348394394, 0.0, 0.14921976625919342], [0.3498033881187439, 0.2600059509277344, 0.08014657348394394, 0.11425319314002991, 0.0]], "P_noscale": [[0.0, 0.9275404214859009, 0.8911002278327942, 0.889537513256073, 0.8994660377502441], [0.9571435451507568, 0.0, 0.8911002278327942, 0.889537513256073, 0.8994660377502441], [0.9571435451507568, 0.9275404214859009, 0.0, 0.889537513256073, 0.8994660377502441], [0.9571435451507568, 0.9275404214859009, 0.8911002278327942, 0.0, 0.8994660377502441], [0.9571435451507568, 0.9275404214859009, 0.8911002278327942, 0.889537513256073, 0.0]], "R_noscale": [[0.0, 0.8846646547317505, 0.8845781087875366, 0.8838260173797607, 0.8969178199768066], [0.9039992094039917, 0.0, 0.8845781087875366, 0.8838260173797607, 0.8969178199768066], [0.9039992094039917, 0.8846646547317505, 0.0, 0.8838260173797607, 0.8969178199768066], [0.9039992094039917, 0.8846646547317505, 0.8845781087875366, 0.0, 0.8969178199768066], [0.9039992094039917, 0.8846646547317505, 0.8845781087875366, 0.8838260173797607, 0.0]], "F1_noscale": [[0.0, 0.9055953621864319, 0.8878271579742432, 0.8866725564002991, 0.8981901407241821], [0.9298126101493835, 0.0, 0.8878271579742432, 0.8866725564002991, 0.8981901407241821], [0.9298126101493835, 0.9055953621864319, 0.0, 0.8866725564002991, 0.8981901407241821], [0.9298126101493835, 0.9055953621864319, 0.8878271579742432, 0.0, 0.8981901407241821], [0.9298126101493835, 0.9055953621864319, 0.8878271579742432, 0.8866725564002991, 0.0]], "Score": 0.1906857743859291}}}}
