{"img_fn": "Image51.jpeg", "metadata_fn": "Image51.json", "img_id": "val-50", "annot_id": "val-52", "question": ["What", "is", "the", "man", "doing", "?"], "answer_choices": [["He", "is", "sleeping", "on", "the", "sofa", "."], ["He", "is", "watching", "TV", "with", "his", "dog", "."], ["He", "is", "looking", "for", "something", "in", "the", "dark", "room", "."], ["He", "is", "looking", "at", "his", "phone", "."]], "answer_label": 1, "CaptionExperiment": {"Humans": {"Captions": [" A man watches television with his golden retriever on a leather couch. ", "A man watching television with his dog on the couch. ", "A man watching a spooky movie while petting his dog.", "A man is so lonely that he forces his dog to watch TV with him", " A man and his puppy watch a movie together. "], "Confidence": [-1, -1, 7, 6, -1], "P": [[0.0, 0.7317528128623962, 0.5575463175773621, 0.4373190402984619, 0.5621779561042786], [0.8587639331817627, 0.0, 0.727794349193573, 0.5557368993759155, 0.6559712886810303], [0.5310250520706177, 0.5929961800575256, 0.0, 0.4178430438041687, 0.5948130488395691], [0.37255677580833435, 0.3694310486316681, 0.35320812463760376, 0.0, 0.37036070227622986], [0.6970712542533875, 0.6765772104263306, 0.7298758625984192, 0.5480693578720093, 0.0]], "R": [[0.0, 0.858773410320282, 0.5310577154159546, 0.3726005256175995, 0.6970927119255066], [0.7317718863487244, 0.0, 0.5930245518684387, 0.36947500705718994, 0.6765997409820557], [0.5575771331787109, 0.7278133630752563, 0.0, 0.35325321555137634, 0.7298946380615234], [0.43735823035240173, 0.555767834186554, 0.41788360476493835, 0.0, 0.5481008291244507], [0.5622081160545349, 0.65599524974823, 0.5948413014411926, 0.37040460109710693, 0.0]], "F1": [[0.0, 0.7948955297470093, 0.5450097918510437, 0.4057290554046631, 0.6294232606887817], [0.7948958873748779, 0.0, 0.6601483821868896, 0.4618712067604065, 0.6668089628219604], [0.5450097918510437, 0.6601483821868896, 0.0, 0.38634929060935974, 0.662091076374054], [0.4057290554046631, 0.4618712067604065, 0.38634929060935974, 0.0, 0.45865145325660706], [0.6294232606887817, 0.6668089628219604, 0.662091076374054, 0.45865145325660706, 0.0]], "P_IDF": [[0.0, 0.5849919319152832, 0.3985559344291687, 0.3061375916004181, 0.3938789963722229], [0.8333909511566162, 0.0, 0.6521005630493164, 0.5100816488265991, 0.5663511157035828], [0.34439483284950256, 0.4014170467853546, 0.0, 0.2600327730178833, 0.4234188199043274], [0.2965099513530731, 0.30311867594718933, 0.27461323142051697, 0.0, 0.2799852788448334], [0.6084557175636292, 0.6125761866569519, 0.6877768635749817, 0.49030640721321106, 0.0]], "R_IDF": [[0.0, 0.8334018588066101, 0.3444405198097229, 0.2965589761734009, 0.6084826588630676], [0.5850211977958679, 0.0, 0.4014587700366974, 0.3031672537326813, 0.6126031875610352], [0.3985978364944458, 0.65212482213974, 0.0, 0.2746637761592865, 0.6877986192703247], [0.30618593096733093, 0.5101158022880554, 0.260084331035614, 0.0, 0.4903419017791748], [0.3939216136932373, 0.5663813352584839, 0.423458993434906, 0.28003543615341187, 0.0]], "F1_IDF": [[0.0, 0.7069451212882996, 0.37238067388534546, 0.30247899889945984, 0.49988096952438354], [0.7069458365440369, 0.0, 0.5246726274490356, 0.4055832028388977, 0.5900485515594482], [0.37238067388534546, 0.5246726274490356, 0.0, 0.2685288190841675, 0.5531582832336426], [0.30247899889945984, 0.4055832028388977, 0.2685288190841675, 0.0, 0.3840908408164978], [0.4998813271522522, 0.5900485515594482, 0.5531582832336426, 0.3840908408164978, 0.0]], "P_noscale": [[0.0, 0.9548019170761108, 0.9254491329193115, 0.9051915407180786, 0.9262295365333557], [0.9762025475502014, 0.0, 0.9541349411010742, 0.9251442551612854, 0.9420331716537476], [0.9209804534912109, 0.931422233581543, 0.0, 0.9019099473953247, 0.9317283630371094], [0.8942794799804688, 0.8937528133392334, 0.891019344329834, 0.0, 0.8939094543457031], [0.9489582777023315, 0.9455051422119141, 0.9544856548309326, 0.9238523244857788, 0.0]], "R_noscale": [[0.0, 0.9762024879455566, 0.9209804534912109, 0.8942794799804688, 0.9489583373069763], [0.9548019766807556, 0.0, 0.931422233581543, 0.8937528133392334, 0.9455051422119141], [0.9254491329193115, 0.9541349411010742, 0.0, 0.891019344329834, 0.9544856548309326], [0.9051915407180786, 0.9251442551612854, 0.9019099473953247, 0.0, 0.9238523244857788], [0.9262294769287109, 0.9420331716537476, 0.9317283630371094, 0.8939094543457031, 0.0]], "F1_noscale": [[0.0, 0.9653836488723755, 0.9232093691825867, 0.8997023701667786, 0.9374561905860901], [0.9653837084770203, 0.0, 0.9426417946815491, 0.9091777205467224, 0.9437659382820129], [0.9232093691825867, 0.9426417946815491, 0.0, 0.896431565284729, 0.9429696798324585], [0.8997023701667786, 0.9091777205467224, 0.896431565284729, 0.0, 0.9086343050003052], [0.9374561905860901, 0.9437659382820129, 0.9429696798324585, 0.9086343050003052, 0.0]], "Score": 0.4607768625020981}, "Machines": {"Oscar": {"Captions": "a man sitting on a couch holding a dog.", "Confidence": 0.7033286690711975, "P": [[0.0, 0.7700911164283752, 0.6464880108833313, 0.43638938665390015, 0.5771291255950928], [0.7099466919898987, 0.0, 0.6464880108833313, 0.43638938665390015, 0.5771291255950928], [0.7099466919898987, 0.7700911164283752, 0.0, 0.43638938665390015, 0.5771291255950928], [0.7099466919898987, 0.7700911164283752, 0.6464880108833313, 0.0, 0.5771291255950928], [0.7099466919898987, 0.7700911164283752, 0.6464880108833313, 0.43638938665390015, 0.0]], "R": [[0.0, 0.6780768632888794, 0.4471670091152191, 0.1989062875509262, 0.4501722753047943], [0.5347159504890442, 0.0, 0.4471670091152191, 0.1989062875509262, 0.4501722753047943], [0.5347159504890442, 0.6780768632888794, 0.0, 0.1989062875509262, 0.4501722753047943], [0.5347159504890442, 0.6780768632888794, 0.4471670091152191, 0.0, 0.4501722753047943], [0.5347159504890442, 0.6780768632888794, 0.4471670091152191, 0.1989062875509262, 0.0]], "F1": [[0.0, 0.7241572141647339, 0.5457507371902466, 0.31607112288475037, 0.5136998295783997], [0.6215626001358032, 0.0, 0.5457507371902466, 0.31607112288475037, 0.5136998295783997], [0.6215626001358032, 0.7241572141647339, 0.0, 0.31607112288475037, 0.5136998295783997], [0.6215626001358032, 0.7241572141647339, 0.5457507371902466, 0.0, 0.5136998295783997], [0.6215626001358032, 0.7241572141647339, 0.5457507371902466, 0.31607112288475037, 0.0]], "P_IDF": [[0.0, 0.7290381789207458, 0.5128267407417297, 0.3213293254375458, 0.43029889464378357], [0.6394533514976501, 0.0, 0.5128267407417297, 0.3213293254375458, 0.43029889464378357], [0.6394533514976501, 0.7290381789207458, 0.0, 0.3213293254375458, 0.43029889464378357], [0.6394533514976501, 0.7290381789207458, 0.5128267407417297, 0.0, 0.43029889464378357], [0.6394533514976501, 0.7290381789207458, 0.5128267407417297, 0.3213293254375458, 0.0]], "R_IDF": [[0.0, 0.608877420425415, 0.2998875081539154, 0.14698803424835205, 0.38049209117889404], [0.39828231930732727, 0.0, 0.2998875081539154, 0.14698803424835205, 0.38049209117889404], [0.39828231930732727, 0.608877420425415, 0.0, 0.14698803424835205, 0.38049209117889404], [0.39828231930732727, 0.608877420425415, 0.2998875081539154, 0.0, 0.38049209117889404], [0.39828231930732727, 0.608877420425415, 0.2998875081539154, 0.14698803424835205, 0.0]], "F1_IDF": [[0.0, 0.6688506007194519, 0.40519827604293823, 0.233931303024292, 0.40624433755874634], [0.5169824957847595, 0.0, 0.40519827604293823, 0.233931303024292, 0.40624433755874634], [0.5169824957847595, 0.6688506007194519, 0.0, 0.233931303024292, 0.40624433755874634], [0.5169824957847595, 0.6688506007194519, 0.40519827604293823, 0.0, 0.40624433755874634], [0.5169824957847595, 0.6688506007194519, 0.40519827604293823, 0.233931303024292, 0.0]], "P_noscale": [[0.0, 0.9612616896629333, 0.9404352903366089, 0.9050348997116089, 0.9287487268447876], [0.9511277079582214, 0.0, 0.9404352903366089, 0.9050348997116089, 0.9287487268447876], [0.9511277079582214, 0.9612616896629333, 0.0, 0.9050348997116089, 0.9287487268447876], [0.9511277079582214, 0.9612616896629333, 0.9404352903366089, 0.0, 0.9287487268447876], [0.9511277079582214, 0.9612616896629333, 0.9404352903366089, 0.9050348997116089, 0.0]], "R_noscale": [[0.0, 0.9457540512084961, 0.9068443775177002, 0.8650109767913818, 0.9073507785797119], [0.921596884727478, 0.0, 0.9068443775177002, 0.8650109767913818, 0.9073507785797119], [0.921596884727478, 0.9457540512084961, 0.0, 0.8650109767913818, 0.9073507785797119], [0.921596884727478, 0.9457540512084961, 0.9068443775177002, 0.0, 0.9073507785797119], [0.921596884727478, 0.9457540512084961, 0.9068443775177002, 0.8650109767913818, 0.0]], "F1_noscale": [[0.0, 0.9534448385238647, 0.9233344197273254, 0.8845704197883606, 0.9179250597953796], [0.9361295104026794, 0.0, 0.9233344197273254, 0.8845704197883606, 0.9179250597953796], [0.9361295104026794, 0.9534448385238647, 0.0, 0.8845704197883606, 0.9179250597953796], [0.9361295104026794, 0.9534448385238647, 0.9233344197273254, 0.0, 0.9179250597953796], [0.9361295104026794, 0.9534448385238647, 0.9233344197273254, 0.8845704197883606, 0.0]], "Score": 0.4462414026260376}}}}
{"img_fn": "Image392.jpeg", "metadata_fn": "Image392.json", "img_id": "val-391", "annot_id": "val-393", "question": ["What", "are", "these", "two", "people", "doing", "?"], "answer_label": 0, "answer_choices": [["They", "are", "talking", "to", "each", "other", "."], ["They", "are", "swimming", "."], ["They", "are", "cooking", "."], ["They", "are", "watching", "a", "movie", "."]], "CaptionExperiment": {"Humans": {"Captions": [" A teenage boy looks at a teenage girl affectionately. ", "A teenage boy and girl sitting and talking on steps. ", "A man talking to his girlfriend.", "A guy is flirting with a girl he likes", " A boy and a girl have a conversation outside. "], "Confidence": [-1, -1, 5, 5, -1], "P": [[0.0, 0.5294387936592102, 0.42600685358047485, 0.4310675859451294, 0.4874742925167084], [0.47620949149131775, 0.0, 0.4444258511066437, 0.2815636992454529, 0.6030380725860596], [0.6033907532691956, 0.6004602909088135, 0.0, 0.6019715070724487, 0.5722898244857788], [0.39088204503059387, 0.2468336820602417, 0.4194844365119934, 0.0, 0.25982969999313354], [0.6060042381286621, 0.7297559380531311, 0.5389723777770996, 0.43698933720588684, 0.0]], "R": [[0.0, 0.4762459993362427, 0.6034184098243713, 0.39092448353767395, 0.6060317158699036], [0.5294716358184814, 0.0, 0.6004881262779236, 0.24688616394996643, 0.7297747731208801], [0.42604684829711914, 0.4444645643234253, 0.0, 0.4195248782634735, 0.5390045046806335], [0.43110722303390503, 0.2816137671470642, 0.6019992232322693, 0.0, 0.43702858686447144], [0.48750999569892883, 0.6030657291412354, 0.5723196268081665, 0.25988128781318665, 0.0]], "F1": [[0.0, 0.5035192370414734, 0.5140628814697266, 0.41187727451324463, 0.5468518733978271], [0.5035192370414734, 0.0, 0.5221220850944519, 0.265362024307251, 0.666235089302063], [0.5140628814697266, 0.5221220850944519, 0.0, 0.5100135803222656, 0.5563180446624756], [0.41187727451324463, 0.265362024307251, 0.5100135803222656, 0.0, 0.34800827503204346], [0.5468518733978271, 0.666235089302063, 0.5563180446624756, 0.34800827503204346, 0.0]], "P_IDF": [[0.0, 0.43403127789497375, 0.2563134431838989, 0.2594738304615021, 0.31502482295036316], [0.4033810496330261, 0.0, 0.2663758397102356, 0.13792532682418823, 0.46049171686172485], [0.4702530801296234, 0.44982972741127014, 0.0, 0.5051606893539429, 0.42067089676856995], [0.27926716208457947, 0.15788808465003967, 0.32904884219169617, 0.0, 0.15520773828029633], [0.4575616121292114, 0.6651383638381958, 0.4003147780895233, 0.29023584723472595, 0.0]], "R_IDF": [[0.0, 0.40342262387275696, 0.4702899754047394, 0.27931737899780273, 0.457599401473999], [0.43407073616981506, 0.0, 0.4498680531978607, 0.15794676542282104, 0.665161669254303], [0.25636526942253113, 0.2664269506931305, 0.0, 0.32909560203552246, 0.40035656094551086], [0.25952544808387756, 0.13798539340496063, 0.505195140838623, 0.0, 0.2902853190898895], [0.31507253646850586, 0.4605293273925781, 0.4207112789154053, 0.15526659786701202, 0.0]], "F1_IDF": [[0.0, 0.4196266829967499, 0.3621838390827179, 0.2705644369125366, 0.38635846972465515], [0.4196266829967499, 0.0, 0.35758107900619507, 0.14930133521556854, 0.561639130115509], [0.3621838390827179, 0.35758107900619507, 0.0, 0.4166255295276642, 0.41145169734954834], [0.2705644369125366, 0.14930133521556854, 0.4166255295276642, 0.0, 0.2231294959783554], [0.38635846972465515, 0.561639130115509, 0.41145169734954834, 0.2231294959783554, 0.0]], "P_noscale": [[0.0, 0.9207131862640381, 0.9032855033874512, 0.9041382074356079, 0.913642406463623], [0.9117443561553955, 0.0, 0.9063889980316162, 0.8789476752281189, 0.933114230632782], [0.933173656463623, 0.9326798915863037, 0.0, 0.9329345226287842, 0.9279333353042603], [0.8973671793937683, 0.8730958700180054, 0.9021865129470825, 0.0, 0.8752856254577637], [0.9336140155792236, 0.9544654488563538, 0.9223195314407349, 0.905135989189148, 0.0]], "R_noscale": [[0.0, 0.9117443561553955, 0.933173656463623, 0.8973671793937683, 0.9336140155792236], [0.9207131862640381, 0.0, 0.9326798915863037, 0.8730958700180054, 0.9544654488563538], [0.9032855033874512, 0.9063889980316162, 0.0, 0.9021865129470825, 0.9223195314407349], [0.9041382074356079, 0.8789476752281189, 0.9329345226287842, 0.0, 0.905135989189148], [0.913642406463623, 0.933114230632782, 0.9279333353042603, 0.8752856254577637, 0.0]], "F1_noscale": [[0.0, 0.9162068367004395, 0.9179863333702087, 0.9007400274276733, 0.9235202670097351], [0.9162068367004395, 0.0, 0.9193465113639832, 0.8760120272636414, 0.9436690807342529], [0.9179863333702087, 0.9193465113639832, 0.0, 0.9173029065132141, 0.9251179099082947], [0.9007400274276733, 0.8760120272636414, 0.9173029065132141, 0.0, 0.8899605870246887], [0.9235202670097351, 0.9436690807342529, 0.9251179099082947, 0.8899605870246887, 0.0]], "Score": 0.35584616959095}, "Machines": {"Oscar": {"Captions": "a woman talking on a cell phone next to a man.", "Confidence": 0.6246680021286011, "P": [[0.0, 0.5110944509506226, 0.5070164203643799, 0.31528058648109436, 0.4660837948322296], [0.39185237884521484, 0.0, 0.5070164203643799, 0.31528058648109436, 0.4660837948322296], [0.39185237884521484, 0.5110944509506226, 0.0, 0.31528058648109436, 0.4660837948322296], [0.39185237884521484, 0.5110944509506226, 0.5070164203643799, 0.0, 0.4660837948322296], [0.39185237884521484, 0.5110944509506226, 0.5070164203643799, 0.31528058648109436, 0.0]], "R": [[0.0, 0.4411183297634125, 0.5982943177223206, 0.2228449285030365, 0.5188574194908142], [0.33100321888923645, 0.0, 0.5982943177223206, 0.2228449285030365, 0.5188574194908142], [0.33100321888923645, 0.4411183297634125, 0.0, 0.2228449285030365, 0.5188574194908142], [0.33100321888923645, 0.4411183297634125, 0.5982943177223206, 0.0, 0.5188574194908142], [0.33100321888923645, 0.4411183297634125, 0.5982943177223206, 0.2228449285030365, 0.0]], "F1": [[0.0, 0.4767301678657532, 0.553005039691925, 0.2698383331298828, 0.493168443441391], [0.36228978633880615, 0.0, 0.553005039691925, 0.2698383331298828, 0.493168443441391], [0.36228978633880615, 0.4767301678657532, 0.0, 0.2698383331298828, 0.493168443441391], [0.36228978633880615, 0.4767301678657532, 0.553005039691925, 0.0, 0.493168443441391], [0.36228978633880615, 0.4767301678657532, 0.553005039691925, 0.2698383331298828, 0.0]], "P_IDF": [[0.0, 0.36828845739364624, 0.3624271750450134, 0.14214661717414856, 0.29736530780792236], [0.1968277245759964, 0.0, 0.3624271750450134, 0.14214661717414856, 0.29736530780792236], [0.1968277245759964, 0.36828845739364624, 0.0, 0.14214661717414856, 0.29736530780792236], [0.1968277245759964, 0.36828845739364624, 0.3624271750450134, 0.0, 0.29736530780792236], [0.1968277245759964, 0.36828845739364624, 0.3624271750450134, 0.14214661717414856, 0.0]], "R_IDF": [[0.0, 0.2805260717868805, 0.44906511902809143, 0.13581353425979614, 0.4076298475265503], [0.17751939594745636, 0.0, 0.44906511902809143, 0.13581353425979614, 0.4076298475265503], [0.17751939594745636, 0.2805260717868805, 0.0, 0.13581353425979614, 0.4076298475265503], [0.17751939594745636, 0.2805260717868805, 0.44906511902809143, 0.0, 0.4076298475265503], [0.17751939594745636, 0.2805260717868805, 0.44906511902809143, 0.13581353425979614, 0.0]], "F1_IDF": [[0.0, 0.32513749599456787, 0.4063626229763031, 0.14037694036960602, 0.3529779613018036], [0.18847547471523285, 0.0, 0.4063626229763031, 0.14037694036960602, 0.3529779613018036], [0.18847547471523285, 0.32513749599456787, 0.0, 0.14037694036960602, 0.3529779613018036], [0.18847547471523285, 0.32513749599456787, 0.4063626229763031, 0.0, 0.3529779613018036], [0.18847547471523285, 0.32513749599456787, 0.4063626229763031, 0.14037694036960602, 0.0]], "P_noscale": [[0.0, 0.9176222681999207, 0.91693514585495, 0.8846287727355957, 0.9100382328033447], [0.8975306749343872, 0.0, 0.91693514585495, 0.8846287727355957, 0.9100382328033447], [0.8975306749343872, 0.9176222681999207, 0.0, 0.8846287727355957, 0.9100382328033447], [0.8975306749343872, 0.9176222681999207, 0.91693514585495, 0.0, 0.9100382328033447], [0.8975306749343872, 0.9176222681999207, 0.91693514585495, 0.8846287727355957, 0.0]], "R_noscale": [[0.0, 0.905825138092041, 0.9323102235794067, 0.8690447807312012, 0.9189246296882629], [0.8872700929641724, 0.0, 0.9323102235794067, 0.8690447807312012, 0.9189246296882629], [0.8872700929641724, 0.905825138092041, 0.0, 0.8690447807312012, 0.9189246296882629], [0.8872700929641724, 0.905825138092041, 0.9323102235794067, 0.0, 0.9189246296882629], [0.8872700929641724, 0.905825138092041, 0.9323102235794067, 0.8690447807312012, 0.0]], "F1_noscale": [[0.0, 0.9116855263710022, 0.9245587587356567, 0.8767675161361694, 0.9144598841667175], [0.8923709392547607, 0.0, 0.9245587587356567, 0.8767675161361694, 0.9144598841667175], [0.8923709392547607, 0.9116855263710022, 0.0, 0.8767675161361694, 0.9144598841667175], [0.8923709392547607, 0.9116855263710022, 0.9245587587356567, 0.0, 0.9144598841667175], [0.8923709392547607, 0.9116855263710022, 0.9245587587356567, 0.8767675161361694, 0.0]], "Score": 0.2826660990715027}}}}
{"img_fn": "Image431.jpeg", "metadata_fn": "Image431.json", "img_id": "val-430", "annot_id": "val-432", "question": ["What", "are", "the", "potential", "position", "of", "these", "two", "people", "?"], "answer_choices": [["They", "are", "probably", "restaurant", "waiters", "."], ["They", "are", "firefighters", "."], ["They", "are", "soccer", "players", "."], ["They", "are", "workers", "in", "train", "station", "."]], "answer_label": 3, "CaptionExperiment": {"Humans": {"Captions": [" Two men wearing a blue uniform walk behind a building. ", "Two train conductors walking alongside the outside of the train. ", "Two spies chasing their enemy at the train station.", "Two men just got out of the prison and escaping", " A train conductor walks away from another train conductor on a platform. "], "Confidence": [-1, -1, 4, 4, -1], "P": [[0.0, 0.3581103980541229, 0.25572267174720764, 0.13821575045585632, 0.29877322912216187], [0.3917257487773895, 0.0, 0.4281823933124542, 0.2093101143836975, 0.5697357654571533], [0.4003657102584839, 0.4636775851249695, 0.0, 0.2801671028137207, 0.4348795711994171], [0.09345129132270813, 0.094645194709301, 0.11258840560913086, 0.0, 0.0718439519405365], [0.3332365155220032, 0.48021817207336426, 0.3984144330024719, 0.09278871864080429, 0.0]], "R": [[0.0, 0.39176812767982483, 0.40040749311447144, 0.09351446479558945, 0.3332829773426056], [0.35815510153770447, 0.0, 0.46371495723724365, 0.09470828622579575, 0.4802544116973877], [0.2557745575904846, 0.4282222390174866, 0.0, 0.11265024542808533, 0.398456335067749], [0.13827580213546753, 0.20936520397663116, 0.2802172601222992, 0.0, 0.09285193681716919], [0.2988221049308777, 0.5697657465934753, 0.43491896986961365, 0.0719086229801178, 0.0]], "F1": [[0.0, 0.3759024143218994, 0.3281669318675995, 0.11720209568738937, 0.31708329916000366], [0.3759024143218994, 0.0, 0.4467908442020416, 0.15274007618427277, 0.5253990292549133], [0.3281669318675995, 0.4467908442020416, 0.0, 0.19634534418582916, 0.4175529181957245], [0.11720209568738937, 0.15274007618427277, 0.19634534418582916, 0.0, 0.08381734043359756], [0.31708329916000366, 0.5253990292549133, 0.4175529181957245, 0.08381734043359756, 0.0]], "P_IDF": [[0.0, 0.20497101545333862, 0.10841133445501328, -0.025482309982180595, 0.17848972976207733], [0.22634276747703552, 0.0, 0.2670154273509979, 0.03375083953142166, 0.4800533354282379], [0.20355284214019775, 0.2899475395679474, 0.0, 0.07792489230632782, 0.23703765869140625], [0.005318262614309788, -0.0029601717833429575, 0.046124979853630066, 0.0, -0.008723096922039986], [0.19552096724510193, 0.3887549638748169, 0.2235485017299652, -0.07330316305160522, 0.0]], "R_IDF": [[0.0, 0.22639667987823486, 0.20360834896564484, 0.005387575831264257, 0.19557702541351318], [0.20502641797065735, 0.0, 0.28999704122543335, -0.002890281844884157, 0.3887975513935089], [0.10847346484661102, 0.26706647872924805, 0.0, 0.04619145020842552, 0.22360260784626007], [-0.0254108514636755, 0.03381817042827606, 0.07798914611339569, 0.0, -0.0732283741235733], [0.1785469651222229, 0.48008957505226135, 0.2370908260345459, -0.008652805350720882, 0.0]], "F1_IDF": [[0.0, 0.21693645417690277, 0.1569388210773468, -0.008453638292849064, 0.1883402168750763], [0.21693645417690277, 0.0, 0.27965378761291504, 0.016960956156253815, 0.434954971075058], [0.1569388210773468, 0.27965378761291504, 0.0, 0.06353101134300232, 0.23156194388866425], [-0.008453638292849064, 0.016960956156253815, 0.06353101134300232, 0.0, -0.03949834033846855], [0.1883402168750763, 0.434954971075058, 0.23156194388866425, -0.03949834033846855, 0.0]], "P_noscale": [[0.0, 0.8918453454971313, 0.8745936155319214, 0.8547943830490112, 0.8818473815917969], [0.8975093364715576, 0.0, 0.9036520719528198, 0.8667733669281006, 0.9275029897689819], [0.8989651203155518, 0.9096328020095825, 0.0, 0.8787123560905457, 0.9047805070877075], [0.847251832485199, 0.8474529981613159, 0.8504763245582581, 0.0, 0.8436111211776733], [0.8876542448997498, 0.9124197959899902, 0.8986363410949707, 0.8471401929855347, 0.0]], "R_noscale": [[0.0, 0.8975093364715576, 0.8989651203155518, 0.847251832485199, 0.8876542448997498], [0.8918453454971313, 0.0, 0.9096328020095825, 0.8474529981613159, 0.9124197959899902], [0.8745936155319214, 0.9036520719528198, 0.0, 0.8504763245582581, 0.8986363410949707], [0.8547943830490112, 0.8667733669281006, 0.8787123560905457, 0.0, 0.8471401929855347], [0.8818473815917969, 0.9275029897689819, 0.9047805070877075, 0.8436111211776733, 0.0]], "F1_noscale": [[0.0, 0.8946684002876282, 0.8866118788719177, 0.8510064482688904, 0.8847412467002869], [0.8946684002876282, 0.0, 0.9066325426101685, 0.8570043444633484, 0.919899582862854], [0.8866118788719177, 0.9066325426101685, 0.0, 0.8643637895584106, 0.9016979336738586], [0.8510064482688904, 0.8570043444633484, 0.8643637895584106, 0.0, 0.8453719615936279], [0.8847412467002869, 0.919899582862854, 0.9016979336738586, 0.8453719615936279, 0.0]], "Score": 0.15409261835739016}, "Machines": {"Oscar": {"Captions": "a couple of police officers standing next to each other.", "Confidence": 0.611795961856842, "P": [[0.0, 0.3790367543697357, 0.21779265999794006, 0.09632444381713867, 0.3205938935279846], [0.32576003670692444, 0.0, 0.21779265999794006, 0.09632444381713867, 0.3205938935279846], [0.32576003670692444, 0.3790367543697357, 0.0, 0.09632444381713867, 0.3205938935279846], [0.32576003670692444, 0.3790367543697357, 0.21779265999794006, 0.0, 0.3205938935279846], [0.32576003670692444, 0.3790367543697357, 0.21779265999794006, 0.09632444381713867, 0.0]], "R": [[0.0, 0.4497184455394745, 0.3574886918067932, 0.07881651073694229, 0.31898295879364014], [0.3299601078033447, 0.0, 0.3574886918067932, 0.07881651073694229, 0.31898295879364014], [0.3299601078033447, 0.4497184455394745, 0.0, 0.07881651073694229, 0.31898295879364014], [0.3299601078033447, 0.4497184455394745, 0.3574886918067932, 0.0, 0.31898295879364014], [0.3299601078033447, 0.4497184455394745, 0.3574886918067932, 0.07881651073694229, 0.0]], "F1": [[0.0, 0.4150973856449127, 0.2878686785697937, 0.08903707563877106, 0.3208935558795929], [0.32895129919052124, 0.0, 0.2878686785697937, 0.08903707563877106, 0.3208935558795929], [0.32895129919052124, 0.4150973856449127, 0.0, 0.08903707563877106, 0.3208935558795929], [0.32895129919052124, 0.4150973856449127, 0.2878686785697937, 0.0, 0.3208935558795929], [0.32895129919052124, 0.4150973856449127, 0.2878686785697937, 0.08903707563877106, 0.0]], "P_IDF": [[0.0, 0.2589290738105774, 0.0793575793504715, -0.0373360849916935, 0.23251710832118988], [0.21253205835819244, 0.0, 0.0793575793504715, -0.0373360849916935, 0.23251710832118988], [0.21253205835819244, 0.2589290738105774, 0.0, -0.0373360849916935, 0.23251710832118988], [0.21253205835819244, 0.2589290738105774, 0.0793575793504715, 0.0, 0.23251710832118988], [0.21253205835819244, 0.2589290738105774, 0.0793575793504715, -0.0373360849916935, 0.0]], "R_IDF": [[0.0, 0.3459852337837219, 0.1854817420244217, 0.00042305432725697756, 0.21635408699512482], [0.18527092039585114, 0.0, 0.1854817420244217, 0.00042305432725697756, 0.21635408699512482], [0.18527092039585114, 0.3459852337837219, 0.0, 0.00042305432725697756, 0.21635408699512482], [0.18527092039585114, 0.3459852337837219, 0.1854817420244217, 0.0, 0.21635408699512482], [0.18527092039585114, 0.3459852337837219, 0.1854817420244217, 0.00042305432725697756, 0.0]], "F1_IDF": [[0.0, 0.30323120951652527, 0.13327696919441223, -0.016873018816113472, 0.22568285465240479], [0.20016619563102722, 0.0, 0.13327696919441223, -0.016873018816113472, 0.22568285465240479], [0.20016619563102722, 0.30323120951652527, 0.0, -0.016873018816113472, 0.22568285465240479], [0.20016619563102722, 0.30323120951652527, 0.13327696919441223, 0.0, 0.22568285465240479], [0.20016619563102722, 0.30323120951652527, 0.13327696919441223, -0.016873018816113472, 0.0]], "P_noscale": [[0.0, 0.8953713178634644, 0.8682026267051697, 0.8477359414100647, 0.8855240345001221], [0.8863945007324219, 0.0, 0.8682026267051697, 0.8477359414100647, 0.8855240345001221], [0.8863945007324219, 0.8953713178634644, 0.0, 0.8477359414100647, 0.8855240345001221], [0.8863945007324219, 0.8953713178634644, 0.8682026267051697, 0.0, 0.8855240345001221], [0.8863945007324219, 0.8953713178634644, 0.8682026267051697, 0.8477359414100647, 0.0]], "R_noscale": [[0.0, 0.9072743058204651, 0.8917330503463745, 0.8447751402854919, 0.885244607925415], [0.8870943188667297, 0.0, 0.8917330503463745, 0.8447751402854919, 0.885244607925415], [0.8870943188667297, 0.9072743058204651, 0.0, 0.8447751402854919, 0.885244607925415], [0.8870943188667297, 0.9072743058204651, 0.8917330503463745, 0.0, 0.885244607925415], [0.8870943188667297, 0.9072743058204651, 0.8917330503463745, 0.8447751402854919, 0.0]], "F1_noscale": [[0.0, 0.9012835025787354, 0.8798105716705322, 0.8462529182434082, 0.8853843212127686], [0.8867442607879639, 0.0, 0.8798105716705322, 0.8462529182434082, 0.8853843212127686], [0.8867442607879639, 0.9012835025787354, 0.0, 0.8462529182434082, 0.8853843212127686], [0.8867442607879639, 0.9012835025787354, 0.8798105716705322, 0.0, 0.8853843212127686], [0.8867442607879639, 0.9012835025787354, 0.8798105716705322, 0.8462529182434082, 0.0]], "Score": 0.1690968420356512}}}}
{"img_fn": "Image993.jpeg", "metadata_fn": "Image993.json", "img_id": "val-992", "annot_id": "val-996", "question": ["Why", "have", "these", "people", "gathered", "here", "?"], "answer_label": 0, "answer_choices": [["They", "are", "watching", "a", "parade", "."], ["They", "are", "watching", "a", "baseball", "game", "."], ["They", "are", "looking", "at", "a", "car", "accident", "that", "has", "occurred", "."], ["They", "are", "attending", "a", "wedding", "."]], "CaptionExperiment": {"Humans": {"Captions": [" A parade in the middle of the street in the United States. ", "People lined up along the sidewalk holding small American flags while two boys carry giant flags in the middle of the street. ", "A middle school ceremony in the neighborhood.", "Two young man are parading for a country success, probably a passed bill or war", " Two boys walk with flags at a community parade. "], "Confidence": [-1, -1, 6, 2, -1], "P": [[0.0, 0.4657211899757385, 0.4105685353279114, 0.19237862527370453, 0.4106251299381256], [0.24883200228214264, 0.0, 0.0976092591881752, 0.05200039595365524, 0.30614006519317627], [0.45059487223625183, 0.35519441962242126, 0.0, 0.28489458560943604, 0.4856305420398712], [-0.07023226469755173, -0.09954532980918884, -0.10750680416822433, 0.0, -0.05607204884290695], [0.4478819668292999, 0.5206382274627686, 0.3664121627807617, 0.27973729372024536, 0.0]], "R": [[0.0, 0.24888435006141663, 0.45063316822052, -0.07015769183635712, 0.44792044162750244], [0.46575841307640076, 0.0, 0.3552393615245819, -0.09946870803833008, 0.5206716656684875], [0.4106096029281616, 0.09767214208841324, 0.0, -0.1074296236038208, 0.3664563298225403], [0.1924348920583725, 0.05206645652651787, 0.28494441509246826, 0.0, 0.27978748083114624], [0.41066619753837585, 0.3061884045600891, 0.4856663942337036, -0.055998459458351135, 0.0]], "F1": [[0.0, 0.3561246395111084, 0.43145233392715454, 0.0591864138841629, 0.4301360845565796], [0.3561246395111084, 0.0, 0.224477156996727, -0.02324088290333748, 0.4122152328491211], [0.43145233392715454, 0.224477156996727, 0.0, 0.08255655318498611, 0.4263124167919159], [0.0591864138841629, -0.02324088290333748, 0.08255655318498611, 0.0, 0.1077299416065216], [0.4301360845565796, 0.4122152328491211, 0.4263124167919159, 0.1077299416065216, 0.0]], "P_IDF": [[0.0, 0.23985421657562256, 0.11770326644182205, -0.05728151649236679, 0.16618455946445465], [0.09117066860198975, 0.0, -0.049940869212150574, -0.07949624955654144, 0.23033128678798676], [0.16983278095722198, 0.1266290545463562, 0.0, 0.025717198848724365, 0.29410868883132935], [-0.11011958867311478, -0.1501844972372055, -0.15085874497890472, 0.0, -0.10847890377044678], [0.33137792348861694, 0.4413761794567108, 0.2514621317386627, 0.1615179032087326, 0.0]], "R_IDF": [[0.0, 0.0912340059876442, 0.1698906272649765, -0.11004223674535751, 0.3314245045185089], [0.2399071753025055, 0.0, 0.12668991088867188, -0.1501043438911438, 0.44141510128974915], [0.11776474863290787, -0.04986770823597908, 0.0, -0.15077854692935944, 0.2515142858028412], [-0.05720784142613411, -0.0794210210442543, 0.025785090401768684, 0.0, 0.16157633066177368], [0.16624267399311066, 0.2303849160671234, 0.29415789246559143, -0.10840166360139847, 0.0]], "F1_IDF": [[0.0, 0.1658155471086502, 0.14505527913570404, -0.08204588294029236, 0.24871361255645752], [0.1658155471086502, 0.0, 0.038375284522771835, -0.1132488027215004, 0.3348466455936432], [0.14505527913570404, 0.038375284522771835, 0.0, -0.062404777854681015, 0.27390536665916443], [-0.08204588294029236, -0.1132488027215004, -0.062404777854681015, 0.0, 0.024467768147587776], [0.24871361255645752, 0.3348466455936432, 0.27390536665916443, 0.024467768147587776, 0.0]], "P_noscale": [[0.0, 0.90997713804245, 0.9006842374801636, 0.8639205098152161, 0.9006937742233276], [0.8734325766563416, 0.0, 0.8479524254798889, 0.8402675986289978, 0.8830886483192444], [0.9074284434318542, 0.8913540244102478, 0.0, 0.879508912563324, 0.9133317470550537], [0.8196721076965332, 0.8147330284118652, 0.8133915662765503, 0.0, 0.8220580220222473], [0.9069713354110718, 0.9192303419113159, 0.8932441473007202, 0.8786399364471436, 0.0]], "R_noscale": [[0.0, 0.8734325766563416, 0.9074284434318542, 0.8196721076965332, 0.9069713354110718], [0.90997713804245, 0.0, 0.8913540244102478, 0.8147330284118652, 0.9192303419113159], [0.9006842374801636, 0.8479524254798889, 0.0, 0.8133915662765503, 0.8932441473007202], [0.8639205098152161, 0.8402675986289978, 0.879508912563324, 0.0, 0.8786399364471436], [0.9006937742233276, 0.8830886483192444, 0.9133317470550537, 0.8220580220222473, 0.0]], "F1_noscale": [[0.0, 0.8913304209709167, 0.9040437936782837, 0.8412148952484131, 0.9038216471672058], [0.8913304209709167, 0.0, 0.8691117167472839, 0.8273032903671265, 0.9007970690727234], [0.9040437936782837, 0.8691117167472839, 0.0, 0.8451591730117798, 0.9031763076782227], [0.8412148952484131, 0.8273032903671265, 0.8451591730117798, 0.0, 0.8494077920913696], [0.9038216471672058, 0.9007970690727234, 0.9031763076782227, 0.8494077920913696, 0.0]], "Score": 0.09734800402075053}, "Machines": {"Oscar": {"Captions": "a group of people standing on the side of a road.", "Confidence": 0.5253419280052185, "P": [[0.0, 0.49876877665519714, 0.33757808804512024, 0.24174076318740845, 0.4399445652961731], [0.48520568013191223, 0.0, 0.33757808804512024, 0.24174076318740845, 0.4399445652961731], [0.48520568013191223, 0.49876877665519714, 0.0, 0.24174076318740845, 0.4399445652961731], [0.48520568013191223, 0.49876877665519714, 0.33757808804512024, 0.0, 0.4399445652961731], [0.48520568013191223, 0.49876877665519714, 0.33757808804512024, 0.24174076318740845, 0.0]], "R": [[0.0, 0.2700515687465668, 0.35550642013549805, -0.08423804491758347, 0.4182727038860321], [0.42271971702575684, 0.0, 0.35550642013549805, -0.08423804491758347, 0.4182727038860321], [0.42271971702575684, 0.2700515687465668, 0.0, -0.08423804491758347, 0.4182727038860321], [0.42271971702575684, 0.2700515687465668, 0.35550642013549805, 0.0, 0.4182727038860321], [0.42271971702575684, 0.2700515687465668, 0.35550642013549805, -0.08423804491758347, 0.0]], "F1": [[0.0, 0.3829508125782013, 0.3475894331932068, 0.07495015114545822, 0.4300135374069214], [0.4546677768230438, 0.0, 0.3475894331932068, 0.07495015114545822, 0.4300135374069214], [0.4546677768230438, 0.3829508125782013, 0.0, 0.07495015114545822, 0.4300135374069214], [0.4546677768230438, 0.3829508125782013, 0.3475894331932068, 0.0, 0.4300135374069214], [0.4546677768230438, 0.3829508125782013, 0.3475894331932068, 0.07495015114545822, 0.0]], "P_IDF": [[0.0, 0.38169199228286743, 0.161831334233284, 0.0702294409275055, 0.26872649788856506], [0.3509604036808014, 0.0, 0.161831334233284, 0.0702294409275055, 0.26872649788856506], [0.3509604036808014, 0.38169199228286743, 0.0, 0.0702294409275055, 0.26872649788856506], [0.3509604036808014, 0.38169199228286743, 0.161831334233284, 0.0, 0.26872649788856506], [0.3509604036808014, 0.38169199228286743, 0.161831334233284, 0.0702294409275055, 0.0]], "R_IDF": [[0.0, 0.11478213965892792, 0.11294418573379517, -0.14265349507331848, 0.2636590600013733], [0.13715875148773193, 0.0, 0.11294418573379517, -0.14265349507331848, 0.2636590600013733], [0.13715875148773193, 0.11478213965892792, 0.0, -0.14265349507331848, 0.2636590600013733], [0.13715875148773193, 0.11478213965892792, 0.11294418573379517, 0.0, 0.2636590600013733], [0.13715875148773193, 0.11478213965892792, 0.11294418573379517, -0.14265349507331848, 0.0]], "F1_IDF": [[0.0, 0.24602144956588745, 0.13867045938968658, -0.03684256225824356, 0.267383873462677], [0.24307997524738312, 0.0, 0.13867045938968658, -0.03684256225824356, 0.267383873462677], [0.24307997524738312, 0.24602144956588745, 0.0, -0.03684256225824356, 0.267383873462677], [0.24307997524738312, 0.24602144956588745, 0.13867045938968658, 0.0, 0.267383873462677], [0.24307997524738312, 0.24602144956588745, 0.13867045938968658, -0.03684256225824356, 0.0]], "P_noscale": [[0.0, 0.9155454635620117, 0.8883857727050781, 0.8722377419471741, 0.9056339263916016], [0.9132601618766785, 0.0, 0.8883857727050781, 0.8722377419471741, 0.9056339263916016], [0.9132601618766785, 0.9155454635620117, 0.0, 0.8722377419471741, 0.9056339263916016], [0.9132601618766785, 0.9155454635620117, 0.8883857727050781, 0.0, 0.9056339263916016], [0.9132601618766785, 0.9155454635620117, 0.8883857727050781, 0.8722377419471741, 0.0]], "R_noscale": [[0.0, 0.8769993782043457, 0.8913990259170532, 0.817299485206604, 0.9019755125045776], [0.9027248620986938, 0.0, 0.8913990259170532, 0.817299485206604, 0.9019755125045776], [0.9027248620986938, 0.8769993782043457, 0.0, 0.817299485206604, 0.9019755125045776], [0.9027248620986938, 0.8769993782043457, 0.8913990259170532, 0.0, 0.9019755125045776], [0.9027248620986938, 0.8769993782043457, 0.8913990259170532, 0.817299485206604, 0.0]], "F1_noscale": [[0.0, 0.8958579897880554, 0.8898898959159851, 0.8438754081726074, 0.9038009643554688], [0.9079619646072388, 0.0, 0.8898898959159851, 0.8438754081726074, 0.9038009643554688], [0.9079619646072388, 0.8958579897880554, 0.0, 0.8438754081726074, 0.9038009643554688], [0.9079619646072388, 0.8958579897880554, 0.8898898959159851, 0.0, 0.9038009643554688], [0.9079619646072388, 0.8958579897880554, 0.8898898959159851, 0.8438754081726074, 0.0]], "Score": 0.1716626390814781}}}}
